0 12
1 5
2 4
3 12
4 14
5 27
6 18
7 10
8 16
9 7
10 6
11 10
12 15
13 9
14 14
15 1
16 8
17 10
18 8
19 6
20 8
21 13
22 7
23 13
24 15
25 16
26 16
27 17
28 5
29 12
30 14
31 4
32 9
33 15
34 12
35 6
36 8
37 6
38 6
39 4
40 10
41 3
42 20
43 4
44 6
45 26
46 10
47 14
48 11
49 2
50 19
51 20
52 18
53 7
54 2
55 10
56 16
57 12
58 10
59 9
60 9
61 19
62 9
63 8
64 6
65 1
66 9
67 13
68 20
69 19
70 1
71 19
72 10
73 10
74 7
75 9
76 10
77 17
78 5
79 14
80 4
81 12
82 6
83 8
84 18
85 10
86 6
87 22
88 6
89 18
90 14
91 18
92 20
93 16
94 17
95 19
96 1
97 11
98 10
99 6
100 1
101 9
102 6
103 2
104 5
105 11
106 13
107 9
108 6
109 4
110 7
111 4
112 3
113 23
114 30
115 10
116 6
117 12
118 13
119 14
120 7
121 9
122 2
123 25
124 7
125 13
126 4
127 24
128 7
129 16
130 8
131 3
132 7
133 22
134 11
135 8
136 17
137 13
138 13
139 14
140 11
141 13
142 5
143 13
144 5
145 17
146 20
147 3
148 11
149 11
150 5
151 6
152 8
153 20
154 14
155 6
156 5
157 4
158 19
159 19
160 1
161 29
162 5
163 26
164 10
165 8
166 9
167 22
168 5
169 2
170 10
171 5
172 2
173 5
174 20
175 9
176 6
177 13
178 23
179 17
180 15
181 1
182 22
183 13
184 5
185 3
186 8
187 8
188 17
189 16
190 16
191 12
192 2
193 11
194 8
195 3
196 12
197 9
198 21
199 7
200 15
201 2
202 14
203 12
204 7
205 7
206 10
207 19
208 1
209 3
210 25
211 3
212 15
213 9
214 20
215 8
216 8
217 6
218 22
219 8
220 16
221 23
222 3
223 24
224 2
225 23
226 19
227 21
228 15
229 16
230 10
231 21
232 4
233 11
234 17
235 1
236 6
237 1
238 7
239 13
240 3
241 14
242 12
243 17
244 16
245 16
246 12
247 4
248 20
249 20
250 13
251 3
252 7
253 18
254 11
255 6
256 3
257 13
258 10
259 5
260 7
261 11
262 4
263 17
264 10
265 5
266 2
267 15
268 20
269 16
270 15
271 22
272 11
273 1
274 16
275 22
276 6
277 11
278 8
279 24
280 1
281 18
282 6
283 15
284 9
285 20
286 2
287 18
288 14
289 12
290 4
291 10
292 14
293 21
294 12
295 5
296 17
297 4
298 4
299 5
300 14
301 17
302 12
303 12
304 15
305 14
306 15
307 19
308 20
309 3
310 3
311 19
312 2
313 1
314 23
315 3
316 19
317 3
318 18
319 4
320 15
321 16
322 5
323 4
324 13
325 22
326 2
327 22
328 22
329 11
330 10
331 13
332 6
333 3
334 6
335 22
336 17
337 15
338 9
339 12
340 13
341 11
342 13
343 14
344 1
345 11
346 12
347 10
348 14
349 28
350 3
351 3
352 2
353 20
354 12
355 7
356 8
357 10
358 3
359 24
360 14
361 18
362 8
363 4
364 6
365 18
366 2
367 29
368 5
369 13
370 7
371 30
372 10
373 18
374 6
375 7
376 7
377 13
378 23
379 7
380 17
381 12
382 3
383 13
384 3
385 11
386 9
387 16
388 18
389 20
390 7
391 10
392 20
393 17
394 6
395 3
396 4
397 19
398 8
399 10
400 8
401 15
402 17
403 4
404 14
405 22
406 17
407 12
408 7
409 5
410 14
411 21
412 20
413 6
414 24
415 18
416 21
417 9
418 6
419 14
420 15
421 21
422 5
423 12
424 13
425 24
426 18
427 11
428 2
429 11
430 14
431 3
432 4
433 1
434 19
435 4
436 9
437 15
438 14
439 13
440 20
441 3
442 20
443 24
444 1
445 13
446 14
447 10
448 10
449 16
450 6
451 15
452 16
453 3
454 15
455 2
456 2
457 1
458 17
459 11
460 18
461 5
462 13
463 9
464 16
465 7
466 4
467 1
468 8
469 5
470 12
471 2
472 9
473 6
474 9
475 9
476 16
477 6
478 12
479 2
480 6
481 14
482 3
483 18
484 23
485 19
486 11
487 14
488 6
489 10
490 3
491 13
492 16
493 15
494 6
495 19
496 10
497 18
498 7
499 12
500 8
501 11
502 15
503 7
504 13
505 18
506 2
507 3
508 16
509 24
510 3
511 5
512 13
513 5
514 1
515 16
516 1
517 5
518 12
519 23
520 5
521 2
522 9
523 21
524 10
525 3
526 8
527 2
528 21
529 6
530 16
531 15
532 6
533 10
534 16
535 3
536 12
537 16
538 1
539 19
540 20
541 18
542 11
543 6
544 17
545 20
546 13
547 5
548 10
549 7
550 5
551 14
552 12
553 6
554 13
555 16
556 20
557 29
558 3
559 2
560 5
561 19
562 13
563 5
564 20
565 9
566 10
567 13
568 8
569 4
570 17
571 4
572 1
573 3
574 20
575 10
576 7
577 11
578 4
579 16
580 6
581 1
582 7
583 1
584 16
585 21
586 7
587 9
588 2
589 29
590 2
591 2
592 19
593 2
594 23
595 18
596 7
597 7
598 21
599 10
600 2
601 7
602 7
603 11
604 5
605 17
606 12
607 7
608 5
609 4
610 1
611 8
612 1
613 7
614 9
615 14
616 23
617 16
618 2
619 10
620 11
621 9
622 10
623 10
624 4
625 11
626 8
627 19
628 4
629 26
630 7
631 19
632 21
633 21
634 22
635 10
636 11
637 2
638 16
639 12
640 17
641 11
642 21
643 12
644 16
645 12
646 11
647 4
648 19
649 19
650 11
651 3
652 21
653 18
654 4
655 1
656 4
657 6
658 19
659 16
660 3
661 14
662 4
663 10
664 22
665 14
666 8
667 7
668 22
669 13
670 5
671 1
672 6
673 12
674 16
675 19
676 17
677 15
678 20
679 8
680 14
681 2
682 18
683 8
684 26
685 15
686 13
687 21
688 3
689 6
690 20
691 14
692 14
693 8
694 13
695 23
696 12
697 14
698 12
699 7
700 15
701 4
702 17
703 13
704 7
705 12
706 6
707 19
708 9
709 12
710 9
711 22
712 18
713 18
714 14
715 13
716 3
717 8
718 7
719 7
720 11
721 6
722 10
723 14
724 22
725 10
726 9
727 3
728 18
729 10
730 19
731 13
732 12
733 11
734 24
735 7
736 9
737 10
738 2
739 9
740 16
741 2
742 8
743 2
744 6
745 17
746 6
747 7
748 20
749 4
750 13
751 22
752 10
753 23
754 14
755 8
756 1
757 17
758 2
759 23
760 8
761 5
762 5
763 3
764 6
765 16
766 8
767 11
768 12
769 2
770 15
771 3
772 15
773 5
774 5
775 16
776 11
777 2
778 6
779 8
780 19
781 16
782 4
783 10
784 11
785 13
786 4
787 16
788 2
789 12
790 2
791 1
792 3
793 12
794 17
795 2
796 7
797 10
798 5
799 4
800 15
801 20
802 3
803 8
804 7
805 13
806 5
807 6
808 17
809 20
810 7
811 15
812 12
813 10
814 9
815 7
816 22
817 16
818 16
819 10
820 16
821 17
822 15
823 18
824 11
825 12
826 18
827 2
828 1
829 17
830 13
831 10
832 8
833 6
834 6
835 14
836 3
837 24
838 3
839 3
840 13
841 9
842 3
843 2
844 12
845 10
846 9
847 2
848 20
849 15
850 6
851 20
852 3
853 15
854 16
855 10
856 9
857 17
858 14
859 7
860 19
861 13
862 10
863 3
864 1
865 22
866 2
867 10
868 2
869 16
870 6
871 11
872 4
873 17
874 10
875 7
876 7
877 12
878 4
879 19
880 11
881 23
882 8
883 2
884 8
885 14
886 12
887 2
888 22
889 2
890 8
891 3
892 13
893 2
894 8
895 19
896 4
897 5
898 16
899 12
900 17
901 19
902 6
903 9
904 18
905 24
906 20
907 12
908 25
909 14
910 11
911 27
912 10
913 18
914 22
915 5
916 13
917 12
918 20
919 15
920 12
921 13
922 1
923 2
924 19
925 19
926 21
927 4
928 9
929 5
930 6
931 14
932 9
933 21
934 6
935 18
936 12
937 15
938 10
939 13
940 1
941 18
942 12
943 24
944 22
945 18
946 11
947 3
948 12
949 6
950 22
951 11
952 16
953 10
954 11
955 16
956 2
957 19
958 7
959 4
960 7
961 18
962 23
963 13
964 12
965 13
966 4
967 11
968 9
969 14
970 12
971 19
972 11
973 12
974 16
975 10
976 2
977 3
978 5
979 1
980 11
981 2
982 7
983 21
984 1
985 6
986 22
987 11
988 15
989 4
990 5
991 3
992 7
993 9
994 23
995 22
996 14
997 19
998 4
999 15
1000 4
1001 1
1002 17
1003 5
1004 15
1005 9
1006 14
1007 9
1008 15
1009 5
1010 11
1011 11
1012 24
1013 16
1014 17
1015 20
1016 4
1017 15
1018 5
1019 15
1020 26
1021 13
1022 9
1023 16
1024 22
1025 11
1026 15
1027 19
1028 9
1029 9
1030 12
1031 14
1032 13
1033 6
1034 7
1035 1
1036 2
1037 1
1038 21
1039 20
1040 9
1041 25
1042 5
1043 5
1044 1
1045 15
1046 5
1047 11
1048 13
1049 20
1050 3
1051 15
1052 2
1053 5
1054 8
1055 5
1056 18
1057 22
1058 7
1059 13
1060 2
1061 6
1062 3
1063 22
1064 2
1065 12
1066 13
1067 28
1068 5
1069 4
1070 25
1071 11
1072 16
1073 13
1074 5
1075 5
1076 13
1077 5
1078 10
1079 7
1080 13
1081 9
1082 8
1083 21
1084 18
1085 21
1086 17
1087 16
1088 7
1089 9
1090 17
1091 12
1092 5
1093 20
1094 21
1095 3
1096 11
1097 10
1098 1
1099 9
1100 6
1101 9
1102 9
1103 19
1104 4
1105 20
1106 20
1107 17
1108 19
1109 5
1110 11
1111 1
1112 1
1113 19
1114 16
1115 6
1116 12
1117 12
1118 12
1119 14
1120 14
1121 10
1122 8
1123 12
1124 4
1125 8
1126 22
1127 6
1128 20
1129 2
1130 5
1131 7
1132 7
1133 3
1134 5
1135 2
1136 13
1137 20
1138 6
1139 6
1140 16
1141 3
1142 4
1143 15
1144 11
1145 10
1146 13
1147 2
1148 13
1149 6
1150 7
1151 14
1152 2
1153 13
1154 10
1155 1
1156 1
1157 6
1158 7
1159 12
1160 26
1161 18
1162 14
1163 8
1164 21
1165 2
1166 13
1167 11
1168 19
1169 26
1170 6
1171 9
1172 4
1173 4
1174 15
1175 8
1176 18
1177 15
1178 19
1179 17
1180 25
1181 9
1182 18
1183 5
1184 4
1185 8
1186 11
1187 13
1188 7
1189 6
1190 14
1191 19
1192 2
1193 6
1194 10
1195 23
1196 11
1197 11
1198 11
1199 7
1200 16
1201 5
1202 15
1203 4
1204 15
1205 2
1206 15
1207 3
1208 18
1209 4
1210 17
1211 13
1212 9
1213 2
1214 3
1215 18
1216 1
1217 21
1218 16
1219 4
1220 7
1221 12
1222 10
1223 7
1224 19
1225 17
1226 15
1227 6
1228 8
1229 3
1230 9
1231 6
1232 21
1233 14
1234 6
1235 7
1236 20
1237 2
1238 6
1239 25
1240 13
1241 12
1242 19
1243 7
1244 8
1245 6
1246 21
1247 13
1248 4
1249 10
1250 12
1251 4
1252 24
1253 14
1254 10
1255 20
1256 3
1257 14
1258 19
1259 20
1260 19
1261 7
1262 11
1263 8
1264 6
1265 7
1266 15
1267 11
1268 23
1269 18
1270 4
1271 14
1272 11
1273 19
1274 1
1275 18
1276 16
1277 14
1278 15
1279 6
1280 18
1281 1
1282 7
1283 15
1284 15
1285 1
1286 13
1287 13
1288 21
1289 1
1290 5
1291 20
1292 7
1293 6
1294 16
1295 2
1296 1
1297 11
1298 12
1299 15
1300 13
1301 3
1302 17
1303 1
1304 2
1305 4
1306 15
1307 7
1308 15
1309 12
1310 1
1311 7
1312 14
1313 10
1314 12
1315 3
1316 5
1317 19
1318 21
1319 5
1320 11
1321 7
1322 1
1323 15
1324 9
1325 27
1326 6
1327 10
1328 3
1329 1
1330 8
1331 10
1332 3
1333 9
1334 15
1335 6
1336 15
1337 14
1338 3
1339 12
1340 20
1341 16
1342 3
1343 4
1344 11
1345 10
1346 2
1347 1
1348 8
1349 3
1350 16
1351 14
1352 17
1353 8
1354 25
1355 3
1356 4
1357 12
1358 9
1359 1
1360 7
1361 1
1362 8
1363 16
1364 16
1365 20
1366 8
1367 2
1368 4
1369 4
1370 6
1371 16
1372 8
1373 2
1374 6
1375 7
1376 3
1377 1
1378 20
1379 20
1380 14
1381 7
1382 5
1383 3
1384 11
1385 4
1386 13
1387 11
1388 14
1389 18
1390 8
1391 18
1392 15
1393 12
1394 14
1395 13
1396 16
1397 1
1398 16
1399 18
1400 12
1401 1
1402 2
1403 5
1404 12
1405 2
1406 24
1407 22
1408 15
1409 7
1410 5
1411 16
1412 5
1413 3
1414 8
1415 3
1416 22
1417 11
1418 9
1419 13
1420 5
1421 10
1422 17
1423 5
1424 15
1425 18
1426 6
1427 21
1428 8
1429 15
1430 20
1431 5
1432 10
1433 5
1434 1
1435 4
1436 16
1437 12
1438 14
1439 7
1440 10
1441 5
1442 3
1443 10
1444 13
1445 5
1446 7
1447 14
1448 18
1449 12
1450 12
1451 9
1452 11
1453 8
1454 2
1455 21
1456 9
1457 9
1458 5
1459 23
1460 9
1461 21
1462 17
1463 23
1464 6
1465 10
1466 10
1467 8
1468 12
1469 1
1470 18
1471 10
1472 6
1473 7
1474 3
1475 23
1476 14
1477 2
1478 6
1479 2
1480 14
1481 6
1482 9
1483 8
1484 14
1485 5
1486 21
1487 4
1488 10
1489 4
1490 4
1491 3
1492 4
1493 15
1494 14
1495 5
1496 9
1497 4
1498 7
1499 27
1500 9
1501 2
1502 10
1503 9
1504 16
1505 14
1506 22
1507 5
1508 7
1509 21
1510 4
1511 2
1512 5
1513 7
1514 15
1515 1
1516 25
1517 7
1518 2
1519 9
1520 11
1521 18
1522 7
1523 15
1524 21
1525 3
1526 9
1527 16
1528 4
1529 9
1530 9
1531 2
1532 2
1533 13
1534 7
1535 10
1536 3
1537 1
1538 27
1539 4
1540 27
1541 2
1542 4
1543 5
1544 17
1545 4
1546 19
1547 8
1548 6
1549 12
1550 26
1551 9
1552 15
1553 11
1554 9
1555 7
1556 6
1557 17
1558 12
1559 3
1560 24
1561 25
1562 6
1563 5
1564 17
1565 9
1566 3
1567 13
1568 1
1569 15
1570 17
1571 1
1572 12
1573 19
1574 26
1575 4
1576 5
1577 13
1578 3
1579 13
1580 16
1581 8
1582 7
1583 6
1584 6
1585 7
1586 1
1587 13
1588 17
1589 19
1590 9
1591 6
1592 18
1593 11
1594 7
1595 1
1596 9
1597 3
1598 16
1599 2
1600 5
1601 23
1602 4
1603 24
1604 11
1605 21
1606 18
1607 7
1608 12
1609 3
1610 7
1611 10
1612 9
1613 11
1614 4
1615 20
1616 11
1617 18
1618 26
1619 6
1620 14
1621 9
1622 4
1623 9
1624 18
1625 12
1626 20
1627 10
1628 24
1629 11
1630 1
1631 16
1632 9
1633 9
1634 9
1635 25
1636 11
1637 16
1638 6
1639 1
1640 2
1641 15
1642 24
1643 9
1644 17
1645 19
1646 18
1647 10
1648 16
1649 1
1650 1
1651 18
1652 10
1653 7
1654 2
1655 4
1656 26
1657 7
1658 7
1659 4
1660 8
1661 20
1662 23
1663 4
1664 13
1665 11
1666 7
1667 2
1668 17
1669 11
1670 4
1671 8
1672 2
1673 7
1674 1
1675 5
1676 7
1677 13
1678 6
1679 8
1680 20
1681 1
1682 19
1683 2
1684 5
1685 8
1686 12
1687 3
1688 13
1689 3
1690 10
1691 12
1692 10
1693 12
1694 7
1695 13
1696 14
1697 1
1698 10
1699 5
1700 18
1701 11
1702 5
1703 7
1704 3
1705 3
1706 8
1707 4
1708 23
1709 13
1710 13
1711 24
1712 10
1713 1
1714 6
1715 11
1716 13
1717 18
1718 17
1719 8
1720 14
1721 27
1722 25
1723 7
1724 11
1725 11
1726 6
1727 13
1728 6
1729 3
1730 9
1731 19
1732 12
1733 13
1734 1
1735 9
1736 6
1737 21
1738 14
1739 9
1740 4
1741 20
1742 22
1743 12
1744 19
1745 4
1746 6
1747 6
1748 8
1749 17
1750 16
1751 11
1752 8
1753 10
1754 24
1755 11
1756 24
1757 5
1758 11
1759 16
1760 27
1761 9
1762 15
1763 1
1764 15
1765 18
1766 6
1767 5
1768 1
1769 15
1770 20
1771 9
1772 4
1773 10
1774 25
1775 19
1776 16
1777 15
1778 22
1779 1
1780 14
1781 11
1782 6
1783 12
1784 1
1785 13
1786 7
1787 9
1788 10
1789 4
1790 7
1791 3
1792 11
1793 14
1794 19
1795 8
1796 2
1797 15
1798 11
1799 4
1800 6
1801 3
1802 7
1803 2
1804 8
1805 18
1806 14
1807 9
1808 2
1809 2
1810 17
1811 5
1812 14
1813 14
1814 23
1815 21
1816 13
1817 6
1818 8
1819 1
1820 7
1821 14
1822 15
1823 3
1824 20
1825 12
1826 3
1827 2
1828 5
1829 13
1830 23
1831 11
1832 9
1833 16
1834 3
1835 16
1836 1
1837 6
1838 15
1839 12
1840 6
1841 20
1842 15
1843 9
1844 11
1845 9
1846 16
1847 14
1848 12
1849 11
1850 30
1851 2
1852 13
1853 9
1854 2
1855 8
1856 12
1857 24
1858 19
1859 11
1860 7
1861 9
1862 11
1863 2
1864 8
1865 14
1866 21
1867 18
1868 13
1869 4
1870 25
1871 10
1872 1
1873 12
1874 4
1875 21
1876 16
1877 2
1878 16
1879 14
1880 15
1881 4
1882 3
1883 3
1884 19
1885 12
1886 3
1887 14
1888 18
1889 17
1890 4
1891 1
1892 14
1893 7
1894 2
1895 7
1896 2
1897 17
1898 13
1899 21
1900 18
1901 3
1902 21
1903 11
1904 4
1905 18
1906 9
1907 1
1908 20
1909 9
1910 7
1911 7
1912 13
1913 15
1914 7
1915 6
1916 9
1917 7
1918 15
1919 18
1920 13
1921 12
1922 4
1923 8
1924 19
1925 1
1926 16
1927 11
1928 23
1929 5
1930 1
1931 1
1932 5
1933 16
1934 7
1935 1
1936 22
1937 14
1938 21
1939 14
1940 1
1941 23
1942 5
1943 11
1944 10
1945 8
1946 19
1947 11
1948 13
1949 4
1950 11
1951 22
1952 1
1953 11
1954 19
1955 15
1956 2
1957 10
1958 18
1959 3
1960 4
1961 17
1962 15
1963 3
1964 12
1965 13
1966 8
1967 1
1968 14
1969 18
1970 11
1971 8
1972 12
1973 4
1974 4
1975 2
1976 3
1977 2
1978 17
1979 20
1980 19
1981 6
1982 11
1983 7
1984 1
1985 6
1986 5
1987 2
1988 2
1989 9
1990 5
1991 1
1992 17
1993 5
1994 1
1995 3
1996 23
1997 1
1998 2
1999 22
2000 11
2001 4
2002 5
2003 21
2004 5
2005 17
2006 7
2007 13
2008 1
2009 11
2010 14
2011 21
2012 6
2013 9
2014 8
2015 11
2016 5
2017 3
2018 18
2019 8
2020 21
2021 12
2022 11
2023 24
2024 16
2025 15
2026 10
2027 8
2028 13
2029 13
2030 6
2031 3
2032 3
2033 3
2034 3
2035 22
2036 13
2037 14
2038 11
2039 5
2040 15
2041 3
2042 13
2043 5
2044 5
2045 4
2046 6
2047 10
2048 14
2049 23
2050 6
2051 15
2052 8
2053 11
2054 19
2055 22
2056 11
2057 17
2058 14
2059 16
2060 9
2061 13
2062 2
2063 24
2064 5
2065 18
2066 12
2067 29
2068 21
2069 3
2070 9
2071 5
2072 14
2073 16
2074 19
2075 2
2076 7
2077 6
2078 13
2079 11
2080 5
2081 12
2082 9
2083 7
2084 11
2085 1
2086 1
2087 18
2088 8
2089 5
2090 9
2091 12
2092 2
2093 15
2094 10
2095 17
2096 9
2097 2
2098 18
2099 20
2100 5
2101 6
2102 10
2103 6
2104 2
2105 8
2106 7
2107 9
2108 13
2109 17
2110 11
2111 14
2112 13
2113 1
2114 7
2115 29
2116 2
2117 1
2118 13
2119 21
2120 3
2121 24
2122 11
2123 12
2124 16
2125 1
2126 8
2127 9
2128 5
2129 1
2130 24
2131 4
2132 5
2133 22
2134 3
2135 13
2136 3
2137 17
2138 24
2139 11
2140 5
2141 17
2142 20
2143 11
2144 5
2145 20
2146 2
2147 19
2148 11
2149 5
2150 3
2151 4
2152 8
2153 27
2154 7
2155 11
2156 1
2157 9
2158 12
2159 21
2160 9
2161 15
2162 3
2163 22
2164 14
2165 13
2166 8
2167 4
2168 1
2169 4
2170 6
2171 19
2172 2
2173 6
2174 2
2175 1
2176 15
2177 5
2178 2
2179 9
2180 16
2181 20
2182 18
2183 4
2184 3
2185 11
2186 14
2187 9
2188 11
2189 30
2190 5
2191 7
2192 18
2193 25
2194 11
2195 15
2196 12
2197 1
2198 2
2199 21
2200 18
2201 7
2202 1
2203 1
2204 11
2205 9
2206 1
2207 7
2208 18
2209 9
2210 6
2211 12
2212 1
2213 21
2214 5
2215 17
2216 10
2217 13
2218 15
2219 22
2220 14
2221 11
2222 2
2223 3
2224 12
2225 18
2226 17
2227 14
2228 20
2229 3
2230 15
2231 22
2232 1
2233 8
2234 15
2235 23
2236 4
2237 20
2238 36
2239 4
2240 16
2241 16
2242 9
2243 16
2244 7
2245 16
2246 11
2247 10
2248 4
2249 3
2250 1
2251 9
2252 2
2253 15
2254 7
2255 3
2256 20
2257 18
2258 3
2259 5
2260 11
2261 3
2262 23
2263 22
2264 3
2265 4
2266 14
2267 19
2268 9
2269 21
2270 12
2271 8
2272 12
2273 3
2274 1
2275 1
2276 22
2277 8
2278 9
2279 1
2280 4
2281 6
2282 14
2283 1
2284 19
2285 30
2286 16
2287 23
2288 19
2289 11
2290 2
2291 6
2292 4
2293 7
2294 12
2295 10
2296 9
2297 1
2298 12
2299 10
2300 13
2301 18
2302 3
2303 11
2304 14
2305 26
2306 1
2307 4
2308 11
2309 20
2310 25
2311 21
2312 3
2313 16
2314 15
2315 6
2316 4
2317 13
2318 4
2319 16
2320 17
2321 5
2322 7
2323 6
2324 2
2325 6
2326 7
2327 15
2328 4
2329 3
2330 1
2331 25
2332 4
2333 7
2334 9
2335 20
2336 11
2337 6
2338 23
2339 12
2340 10
2341 5
2342 1
2343 12
2344 4
2345 7
2346 6
2347 21
2348 24
2349 1
2350 6
2351 14
2352 3
2353 4
2354 7
2355 17
2356 5
2357 18
2358 15
2359 8
2360 10
2361 9
2362 5
2363 18
2364 12
2365 14
2366 8
2367 19
2368 7
2369 25
2370 6
2371 21
2372 2
2373 6
2374 10
2375 7
2376 12
2377 18
2378 6
2379 16
2380 12
2381 9
2382 13
2383 9
2384 25
2385 7
2386 3
2387 4
2388 5
2389 15
2390 14
2391 7
2392 1
2393 20
2394 16
2395 8
2396 10
2397 7
2398 7
2399 12
2400 17
2401 1
2402 2
2403 6
2404 10
2405 2
2406 10
2407 19
2408 10
2409 12
2410 14
2411 23
2412 4
2413 2
2414 2
2415 13
2416 16
2417 27
2418 5
2419 8
2420 5
2421 1
2422 18
2423 4
2424 12
2425 3
2426 12
2427 19
2428 16
2429 7
2430 10
2431 11
2432 4
2433 6
2434 3
2435 19
2436 7
2437 12
2438 16
2439 18
2440 10
2441 18
2442 22
2443 16
2444 7
2445 6
2446 6
2447 5
2448 12
2449 3
2450 19
2451 10
2452 2
2453 7
2454 2
2455 19
2456 10
2457 17
2458 3
2459 9
2460 21
2461 21
2462 5
2463 12
2464 13
2465 17
2466 7
2467 20
2468 10
2469 7
2470 5
2471 9
2472 11
2473 9
2474 25
2475 18
2476 11
2477 4
2478 13
2479 22
2480 23
2481 9
2482 11
2483 6
2484 19
2485 6
2486 7
2487 9
2488 17
2489 8
2490 16
2491 7
2492 4
2493 7
2494 9
2495 16
2496 5
2497 11
2498 19
2499 25
2500 8
2501 4
2502 17
2503 11
2504 3
2505 2
2506 22
2507 10
2508 5
2509 19
2510 13
2511 2
2512 5
2513 14
2514 10
2515 9
2516 11
2517 3
2518 8
2519 3
2520 20
2521 6
2522 9
2523 18
2524 4
2525 14
2526 23
2527 3
2528 9
2529 16
2530 1
2531 3
2532 2
2533 4
2534 17
2535 18
2536 6
2537 3
2538 20
2539 14
2540 11
2541 10
2542 5
2543 8
2544 2
2545 4
2546 13
2547 8
2548 12
2549 14
2550 16
2551 21
2552 7
2553 16
2554 1
2555 2
2556 15
2557 23
2558 5
2559 20
2560 8
2561 2
2562 17
2563 1
2564 1
2565 6
2566 27
2567 6
2568 14
2569 4
2570 11
2571 1
2572 11
2573 18
2574 28
2575 12
2576 15
2577 6
2578 5
2579 24
2580 2
2581 3
2582 11
2583 17
2584 2
2585 18
2586 3
2587 5
2588 4
2589 16
2590 8
2591 19
2592 7
2593 19
2594 2
2595 6
2596 11
2597 14
2598 12
2599 4
2600 16
2601 8
2602 15
2603 25
2604 24
2605 23
2606 2
2607 4
2608 18
2609 3
2610 13
2611 4
2612 17
2613 14
2614 6
2615 17
2616 3
2617 14
2618 8
2619 3
2620 4
2621 1
2622 2
2623 12
2624 15
2625 5
2626 8
2627 9
2628 9
2629 2
2630 4
2631 5
2632 17
2633 26
2634 12
2635 6
2636 20
2637 1
2638 22
2639 1
2640 5
2641 1
2642 2
2643 18
2644 14
2645 17
2646 3
2647 4
2648 18
2649 20
2650 9
2651 5
2652 9
2653 15
2654 9
2655 17
2656 14
2657 15
2658 2
2659 1
2660 5
2661 20
2662 17
2663 14
2664 22
2665 16
2666 8
2667 3
2668 8
2669 11
2670 17
2671 15
2672 10
2673 17
2674 9
2675 9
2676 26
2677 8
2678 17
2679 15
2680 7
2681 9
2682 7
2683 1
2684 8
2685 20
2686 3
2687 6
2688 20
2689 11
2690 15
2691 17
2692 5
2693 8
2694 4
2695 1
2696 8
2697 19
2698 4
2699 5
2700 4
2701 13
2702 17
2703 5
2704 5
2705 18
2706 12
2707 14
2708 9
2709 6
2710 3
2711 13
2712 22
2713 7
2714 8
2715 15
2716 7
2717 19
2718 5
2719 5
2720 6
2721 16
2722 19
2723 9
2724 11
2725 4
2726 9
2727 12
2728 19
2729 11
2730 19
2731 7
2732 18
2733 14
2734 18
2735 4
2736 16
2737 2
2738 7
2739 8
2740 2
2741 7
2742 2
2743 14
2744 5
2745 9
2746 19
2747 15
2748 12
2749 15
2750 10
2751 20
2752 10
2753 2
2754 21
2755 19
2756 22
2757 5
2758 9
2759 2
2760 2
2761 9
2762 17
2763 1
2764 15
2765 5
2766 1
2767 4
2768 12
2769 15
2770 4
2771 3
2772 7
2773 2
2774 14
2775 6
2776 11
2777 4
2778 21
2779 1
2780 11
2781 7
2782 8
2783 18
2784 10
2785 18
2786 18
2787 9
2788 10
2789 17
2790 2
2791 18
2792 7
2793 9
2794 1
2795 13
2796 29
2797 11
2798 16
2799 30
2800 18
2801 7
2802 7
2803 21
2804 9
2805 14
2806 7
2807 16
2808 12
2809 13
2810 2
2811 20
2812 6
2813 11
2814 16
2815 1
2816 2
2817 21
2818 19
2819 16
2820 3
2821 5
2822 19
2823 14
2824 24
2825 21
2826 10
2827 5
2828 19
2829 10
2830 17
2831 10
2832 15
2833 7
2834 20
2835 23
2836 19
2837 2
2838 5
2839 12
2840 23
2841 11
2842 1
2843 20
2844 8
2845 3
2846 18
2847 16
2848 8
2849 13
2850 6
2851 20
2852 19
2853 16
2854 13
2855 16
2856 11
2857 5
2858 10
2859 6
2860 6
2861 16
2862 7
2863 1
2864 7
2865 11
2866 13
2867 10
2868 17
2869 19
2870 10
2871 4
2872 6
2873 4
2874 4
2875 2
2876 22
2877 3
2878 3
2879 8
2880 19
2881 8
2882 2
2883 15
2884 1
2885 6
2886 9
2887 12
2888 12
2889 9
2890 2
2891 14
2892 5
2893 11
2894 10
2895 4
2896 23
2897 2
2898 1
2899 2
2900 16
2901 13
2902 16
2903 19
2904 1
2905 13
2906 14
2907 17
2908 6
2909 22
2910 1
2911 16
2912 19
2913 1
2914 14
2915 18
2916 10
2917 14
2918 8
2919 8
2920 3
2921 5
2922 6
2923 15
2924 11
2925 12
2926 9
2927 6
2928 7
2929 11
2930 20
2931 18
2932 20
2933 18
2934 16
2935 6
2936 17
2937 18
2938 3
2939 5
2940 22
2941 10
2942 7
2943 18
2944 4
2945 20
2946 8
2947 13
2948 10
2949 9
2950 22
2951 6
2952 3
2953 21
2954 10
2955 20
2956 20
2957 14
2958 16
2959 22
2960 11
2961 18
2962 6
2963 15
2964 13
2965 2
2966 17
2967 11
2968 10
2969 12
2970 9
2971 5
2972 4
2973 22
2974 12
2975 10
2976 20
2977 7
2978 15
2979 10
2980 19
2981 5
2982 10
2983 23
2984 9
2985 2
2986 18
2987 7
2988 13
2989 5
2990 11
2991 13
2992 17
2993 7
2994 7
2995 14
2996 12
2997 20
2998 15
2999 11
3000 3
3001 11
3002 5
3003 16
3004 25
3005 2
3006 10
3007 17
3008 15
3009 5
3010 1
3011 5
3012 12
3013 7
3014 14
3015 19
3016 3
3017 1
3018 12
3019 19
3020 11
3021 11
3022 3
3023 14
3024 8
3025 3
3026 10
3027 11
3028 15
3029 20
3030 9
3031 24
3032 13
3033 8
3034 19
3035 21
3036 11
3037 3
3038 2
3039 9
3040 5
3041 8
3042 4
3043 17
3044 4
3045 6
3046 23
3047 7
3048 3
3049 8
3050 16
3051 4
3052 10
3053 11
3054 17
3055 13
3056 9
3057 18
3058 2
3059 3
3060 18
3061 20
3062 13
3063 7
3064 5
3065 21
3066 3
3067 11
3068 12
3069 2
3070 6
3071 3
3072 4
3073 16
3074 21
3075 10
3076 18
3077 15
3078 1
3079 27
3080 16
3081 19
3082 7
3083 14
3084 9
3085 4
3086 8
3087 6
3088 7
3089 16
3090 9
3091 11
3092 17
3093 7
3094 3
3095 16
3096 13
3097 11
3098 3
3099 18
3100 17
3101 16
3102 4
3103 12
3104 6
3105 10
3106 11
3107 21
3108 30
3109 6
3110 4
3111 6
3112 4
3113 16
3114 1
3115 13
3116 8
3117 6
3118 14
3119 15
3120 3
3121 22
3122 2
3123 1
3124 8
3125 10
3126 18
3127 2
3128 23
3129 3
3130 16
3131 10
3132 2
3133 13
3134 5
3135 7
3136 6
3137 20
3138 15
3139 3
3140 2
3141 10
3142 3
3143 2
3144 7
3145 17
3146 11
3147 5
3148 20
3149 23
3150 9
3151 16
3152 15
3153 3
3154 18
3155 9
3156 14
3157 8
3158 20
3159 9
3160 19
3161 14
3162 14
3163 1
3164 5
3165 8
3166 11
3167 12
3168 15
3169 1
3170 12
3171 4
3172 8
3173 11
3174 7
3175 12
3176 4
3177 6
3178 3
3179 3
3180 5
3181 17
3182 3
3183 24
3184 7
3185 8
3186 13
3187 3
3188 18
3189 15
3190 11
3191 12
3192 15
3193 21
3194 5
3195 11
3196 16
3197 7
3198 2
3199 15
3200 4
3201 1
3202 13
3203 5
3204 3
3205 14
3206 17
3207 16
3208 2
3209 17
3210 7
3211 3
3212 20
3213 9
3214 4
3215 14
3216 10
3217 18
3218 3
3219 6
3220 10
3221 13
3222 2
3223 11
3224 21
3225 8
3226 18
3227 29
3228 6
3229 7
3230 13
3231 2
3232 6
3233 3
3234 12
3235 7
3236 2
3237 9
3238 19
3239 23
3240 15
3241 14
3242 14
3243 8
3244 6
3245 16
3246 4
3247 18
3248 4
3249 15
3250 16
3251 4
3252 13
3253 15
3254 18
3255 11
3256 5
3257 14
3258 25
3259 6
3260 17
3261 17
3262 16
3263 13
3264 13
3265 4
3266 6
3267 4
3268 10
3269 13
3270 7
3271 1
3272 19
3273 2
3274 12
3275 15
3276 16
3277 4
3278 23
3279 7
3280 16
3281 19
3282 9
3283 6
3284 16
3285 16
3286 18
3287 15
3288 12
3289 3
3290 25
3291 19
3292 8
3293 7
3294 4
3295 13
3296 3
3297 8
3298 3
3299 5
3300 12
3301 15
3302 21
3303 7
3304 12
3305 6
3306 1
3307 21
3308 8
3309 13
3310 18
3311 22
3312 21
3313 10
3314 8
3315 16
3316 4
3317 2
3318 14
3319 7
3320 7
3321 2
3322 7
3323 3
3324 3
3325 4
3326 19
3327 18
3328 8
3329 23
3330 14
3331 8
3332 19
3333 7
3334 22
3335 17
3336 10
3337 21
3338 16
3339 1
3340 7
3341 18
3342 16
3343 18
3344 12
3345 8
3346 21
3347 20
3348 2
3349 11
3350 7
3351 2
3352 1
3353 1
3354 10
3355 17
3356 8
3357 1
3358 2
3359 11
3360 4
3361 21
3362 5
3363 4
3364 20
3365 17
3366 17
3367 1
3368 9
3369 6
3370 14
3371 4
3372 3
3373 15
3374 17
3375 21
3376 9
3377 4
3378 14
3379 2
3380 20
3381 15
3382 14
3383 12
3384 14
3385 8
3386 11
3387 7
3388 5
3389 9
3390 12
3391 13
3392 10
3393 4
3394 11
3395 9
3396 5
3397 14
3398 15
3399 1
3400 3
3401 13
3402 19
3403 3
3404 8
3405 18
3406 13
3407 9
3408 13
3409 3
3410 15
3411 4
3412 11
3413 16
3414 9
3415 8
3416 15
3417 10
3418 17
3419 1
3420 15
3421 17
3422 3
3423 12
3424 13
3425 7
3426 14
3427 12
3428 14
3429 7
3430 1
3431 20
3432 6
3433 1
3434 13
3435 4
3436 10
3437 18
3438 2
3439 14
3440 7
3441 4
3442 1
3443 15
3444 2
3445 17
3446 4
3447 23
3448 1
3449 13
3450 13
3451 10
3452 15
3453 6
3454 9
3455 19
3456 12
3457 6
3458 1
3459 13
3460 21
3461 13
3462 11
3463 14
3464 6
3465 18
3466 20
3467 14
3468 3
3469 11
3470 6
3471 6
3472 8
3473 20
3474 7
3475 1
3476 19
3477 6
3478 18
3479 3
3480 15
3481 5
3482 3
3483 5
3484 20
3485 15
3486 19
3487 21
3488 6
3489 12
3490 6
3491 1
3492 7
3493 23
3494 13
3495 10
3496 6
3497 16
3498 2
3499 14
3500 20
3501 25
3502 14
3503 17
3504 21
3505 9
3506 10
3507 15
3508 16
3509 6
3510 11
3511 9
3512 13
3513 13
3514 10
3515 1
3516 16
3517 16
3518 26
3519 1
3520 8
3521 9
3522 12
3523 3
3524 12
3525 11
3526 11
3527 13
3528 10
3529 8
3530 1
3531 10
3532 21
3533 16
3534 8
3535 5
3536 8
3537 30
3538 1
3539 12
3540 3
3541 2
3542 4
3543 10
3544 19
3545 4
3546 7
3547 14
3548 6
3549 10
3550 8
3551 12
3552 16
3553 17
3554 17
3555 12
3556 4
3557 12
3558 3
3559 13
3560 1
3561 5
3562 14
3563 5
3564 23
3565 10
3566 2
3567 7
3568 5
3569 2
3570 4
3571 1
3572 13
3573 13
3574 4
3575 2
3576 12
3577 3
3578 5
3579 13
3580 14
3581 11
3582 6
3583 5
3584 13
3585 1
3586 9
3587 20
3588 6
3589 4
3590 3
3591 16
3592 16
3593 3
3594 6
3595 5
3596 4
3597 22
3598 13
3599 10
3600 17
3601 12
3602 24
3603 7
3604 15
3605 3
3606 12
3607 4
3608 12
3609 24
3610 1
3611 22
3612 15
3613 18
3614 15
3615 1
3616 1
3617 15
3618 11
3619 18
3620 2
3621 17
3622 4
3623 10
3624 2
3625 3
3626 7
3627 12
3628 13
3629 3
3630 4
3631 10
3632 2
3633 4
3634 4
3635 10
3636 1
3637 1
3638 6
3639 14
3640 16
3641 17
3642 18
3643 13
3644 17
3645 11
3646 5
3647 7
3648 8
3649 23
3650 12
3651 17
3652 7
3653 9
3654 13
3655 19
3656 1
3657 7
3658 9
3659 12
3660 19
3661 9
3662 8
3663 1
3664 7
3665 20
3666 2
3667 3
3668 1
3669 15
3670 8
3671 18
3672 17
3673 18
3674 11
3675 21
3676 20
3677 16
3678 13
3679 7
3680 16
3681 12
3682 5
3683 4
3684 8
3685 3
3686 6
3687 1
3688 4
3689 12
3690 1
3691 4
3692 6
3693 15
3694 7
3695 2
3696 9
3697 2
3698 9
3699 13
3700 15
3701 6
3702 1
3703 1
3704 16
3705 8
3706 8
3707 1
3708 21
3709 16
3710 18
3711 11
3712 11
3713 8
3714 24
3715 7
3716 9
3717 7
3718 5
3719 13
3720 24
3721 17
3722 8
3723 1
3724 15
3725 21
3726 1
3727 25
3728 9
3729 3
3730 16
3731 8
3732 1
3733 13
3734 2
3735 10
3736 11
3737 4
3738 8
3739 5
3740 4
3741 15
3742 1
3743 20
3744 16
3745 9
3746 12
3747 5
3748 10
3749 21
3750 10
3751 9
3752 5
3753 1
3754 13
3755 3
3756 9
3757 18
3758 11
3759 2
3760 9
3761 17
3762 11
3763 8
3764 5
3765 25
3766 4
3767 3
3768 2
3769 11
3770 9
3771 11
3772 8
3773 5
3774 1
3775 16
3776 6
3777 13
3778 13
3779 2
3780 12
3781 10
3782 22
3783 8
3784 17
3785 15
3786 18
3787 4
3788 13
3789 4
3790 10
3791 4
3792 4
3793 12
3794 7
3795 14
3796 5
3797 9
3798 12
3799 7
3800 2
3801 13
3802 18
3803 20
3804 6
3805 22
3806 18
3807 14
3808 13
3809 1
3810 8
3811 5
3812 13
3813 25
3814 13
3815 20
3816 24
3817 6
3818 1
3819 16
3820 4
3821 18
3822 23
3823 2
3824 1
3825 18
3826 19
3827 1
3828 16
3829 13
3830 5
3831 4
3832 4
3833 1
3834 11
3835 2
3836 2
3837 27
3838 2
3839 10
3840 3
3841 19
3842 7
3843 7
3844 6
3845 27
3846 20
3847 14
3848 20
3849 5
3850 6
3851 7
3852 10
3853 6
3854 11
3855 16
3856 16
3857 5
3858 8
3859 19
3860 11
3861 1
3862 10
3863 23
3864 23
3865 3
3866 5
3867 5
3868 7
3869 11
3870 12
3871 9
3872 20
3873 15
3874 15
3875 12
3876 15
3877 7
3878 15
3879 11
3880 6
3881 5
3882 13
3883 23
3884 19
3885 17
3886 9
3887 11
3888 1
3889 6
3890 22
3891 2
3892 5
3893 4
3894 17
3895 2
3896 16
3897 11
3898 9
3899 18
3900 13
3901 17
3902 11
3903 16
3904 11
3905 8
3906 22
3907 10
3908 6
3909 12
3910 6
3911 8
3912 16
3913 15
3914 16
3915 4
3916 8
3917 13
3918 16
3919 27
3920 16
3921 10
3922 4
3923 22
3924 10
3925 16
3926 19
3927 10
3928 1
3929 12
3930 13
3931 7
3932 16
3933 5
3934 18
3935 13
3936 9
3937 10
3938 11
3939 13
3940 14
3941 22
3942 14
3943 9
3944 11
3945 8
3946 6
3947 11
3948 11
3949 21
3950 23
3951 17
3952 6
3953 11
3954 3
3955 1
3956 5
3957 2
3958 13
3959 6
3960 22
3961 13
3962 3
3963 18
3964 5
3965 3
3966 15
3967 19
3968 10
3969 11
3970 13
3971 3
3972 13
3973 17
3974 9
3975 9
3976 15
3977 15
3978 4
3979 7
3980 7
3981 11
3982 16
3983 4
3984 6
3985 14
3986 14
3987 9
3988 18
3989 6
3990 10
3991 3
3992 14
3993 1
3994 4
3995 3
3996 4
3997 10
3998 6
3999 14
4000 19
4001 13
4002 21
4003 16
4004 9
4005 18
4006 19
4007 19
4008 10
4009 4
4010 7
4011 20
4012 10
4013 25
4014 10
4015 9
4016 14
4017 10
4018 4
4019 7
4020 17
4021 4
4022 21
4023 1
4024 3
4025 1
4026 6
4027 10
4028 6
4029 19
4030 14
4031 16
4032 8
4033 1
4034 1
4035 7
4036 3
4037 11
4038 12
4039 7
4040 5
4041 7
4042 9
4043 5
4044 11
4045 23
4046 16
4047 17
4048 2
4049 17
4050 13
4051 5
4052 1
4053 11
4054 23
4055 1
4056 1
4057 19
4058 5
4059 4
4060 4
4061 15
4062 6
4063 6
4064 9
4065 2
4066 24
4067 5
4068 11
4069 11
4070 11
4071 17
4072 6
4073 3
4074 1
4075 20
4076 3
4077 9
4078 5
4079 2
4080 8
4081 21
4082 16
4083 15
4084 4
4085 5
4086 9
4087 17
4088 19
4089 18
4090 5
4091 2
4092 13
4093 3
4094 8
4095 10
4096 16
4097 21
4098 2
4099 15
4100 4
4101 2
4102 23
4103 11
4104 7
4105 3
4106 6
4107 4
4108 8
4109 8
4110 8
4111 17
4112 16
4113 9
4114 18
4115 15
4116 20
4117 18
4118 26
4119 2
4120 2
4121 12
4122 17
4123 9
4124 19
4125 9
4126 18
4127 8
4128 7
4129 9
4130 12
4131 11
4132 24
4133 13
4134 11
4135 5
4136 3
4137 15
4138 9
4139 9
4140 16
4141 20
4142 9
4143 10
4144 20
4145 1
4146 4
4147 5
4148 18
4149 12
4150 8
4151 7
4152 1
4153 1
4154 18
4155 7
4156 2
4157 19
4158 22
4159 2
4160 5
4161 15
4162 4
4163 24
4164 20
4165 8
4166 2
4167 16
4168 11
4169 15
4170 2
4171 21
4172 7
4173 18
4174 12
4175 8
4176 19
4177 10
4178 14
4179 2
4180 24
4181 1
4182 14
4183 2
4184 1
4185 12
4186 10
4187 16
4188 11
4189 1
4190 8
4191 5
4192 14
4193 17
4194 1
4195 28
4196 9
4197 6
4198 4
4199 24
4200 4
4201 4
4202 5
4203 17
4204 24
4205 10
4206 11
4207 2
4208 6
4209 24
4210 11
4211 10
4212 2
4213 18
4214 19
4215 10
4216 19
4217 2
4218 19
4219 6
4220 22
4221 24
4222 24
4223 8
4224 13
4225 5
4226 16
4227 13
4228 7
4229 18
4230 20
4231 12
4232 9
4233 4
4234 19
4235 10
4236 1
4237 4
4238 23
4239 3
4240 18
4241 27
4242 4
4243 25
4244 16
4245 2
4246 17
4247 6
4248 10
4249 6
4250 11
4251 2
4252 1
4253 2
4254 12
4255 27
4256 14
4257 17
4258 16
4259 4
4260 1
4261 10
4262 2
4263 17
4264 15
4265 26
4266 21
4267 20
4268 7
4269 16
4270 17
4271 7
4272 20
4273 8
4274 1
4275 4
4276 4
4277 16
4278 20
4279 5
4280 11
4281 10
4282 10
4283 3
4284 3
4285 5
4286 3
4287 16
4288 11
4289 7
4290 3
4291 1
4292 7
4293 3
4294 16
4295 4
4296 20
4297 6
4298 6
4299 3
4300 6
4301 15
4302 4
4303 9
4304 2
4305 9
4306 19
4307 3
4308 22
4309 6
4310 10
4311 7
4312 15
4313 5
4314 2
4315 15
4316 3
4317 16
4318 13
4319 19
4320 22
4321 7
4322 12
4323 2
4324 10
4325 11
4326 9
4327 14
4328 12
4329 20
4330 13
4331 9
4332 28
4333 9
4334 6
4335 3
4336 13
4337 8
4338 7
4339 17
4340 11
4341 15
4342 2
4343 24
4344 5
4345 12
4346 20
4347 3
4348 17
4349 15
4350 7
4351 9
4352 18
4353 3
4354 17
4355 11
4356 4
4357 16
4358 6
4359 2
4360 7
4361 4
4362 5
4363 15
4364 6
4365 4
4366 5
4367 14
4368 22
4369 13
4370 7
4371 10
4372 2
4373 9
4374 21
4375 10
4376 20
4377 10
4378 17
4379 2
4380 24
4381 13
4382 5
4383 18
4384 18
4385 9
4386 12
4387 4
4388 8
4389 23
4390 22
4391 14
4392 1
4393 6
4394 17
4395 1
4396 11
4397 18
4398 24
4399 1
4400 4
4401 16
4402 16
4403 17
4404 5
4405 9
4406 17
4407 17
4408 25
4409 3
4410 17
4411 6
4412 14
4413 13
4414 14
4415 25
4416 6
4417 12
4418 17
4419 5
4420 18
4421 20
4422 16
4423 25
4424 15
4425 15
4426 14
4427 2
4428 14
4429 2
4430 4
4431 4
4432 8
4433 4
4434 14
4435 11
4436 16
4437 3
4438 13
4439 9
4440 24
4441 12
4442 10
4443 11
4444 5
4445 20
4446 1
4447 14
4448 6
4449 2
4450 18
4451 11
4452 31
4453 3
4454 11
4455 19
4456 18
4457 1
4458 5
4459 11
4460 6
4461 9
4462 10
4463 16
4464 10
4465 14
4466 1
4467 5
4468 16
4469 7
4470 1
4471 8
4472 4
4473 6
4474 8
4475 19
4476 3
4477 12
4478 5
4479 9
4480 15
4481 16
4482 26
4483 2
4484 5
4485 23
4486 1
4487 6
4488 3
4489 11
4490 10
4491 13
4492 11
4493 11
4494 13
4495 4
4496 16
4497 17
4498 15
4499 7
4500 3
4501 13
4502 16
4503 14
4504 17
4505 11
4506 14
4507 4
4508 2
4509 16
4510 14
4511 7
4512 18
4513 8
4514 8
4515 3
4516 14
4517 17
4518 10
4519 15
4520 3
4521 2
4522 23
4523 14
4524 6
4525 6
4526 9
4527 20
4528 3
4529 10
4530 23
4531 15
4532 6
4533 4
4534 19
4535 1
4536 5
4537 4
4538 15
4539 1
4540 15
4541 7
4542 21
4543 14
4544 16
4545 10
4546 13
4547 15
4548 12
4549 13
4550 9
4551 10
4552 13
4553 7
4554 22
4555 22
4556 9
4557 10
4558 6
4559 27
4560 11
4561 15
4562 7
4563 21
4564 15
4565 20
4566 13
4567 15
4568 15
4569 13
4570 11
4571 15
4572 26
4573 14
4574 1
4575 1
4576 4
4577 17
4578 9
4579 19
4580 16
4581 1
4582 4
4583 3
4584 1
4585 28
4586 19
4587 10
4588 20
4589 2
4590 13
4591 14
4592 18
4593 10
4594 1
4595 12
4596 10
4597 12
4598 22
4599 8
4600 12
4601 20
4602 22
4603 17
4604 15
4605 2
4606 16
4607 3
4608 12
4609 1
4610 18
4611 17
4612 11
4613 2
4614 12
4615 14
4616 21
4617 10
4618 16
4619 3
4620 18
4621 17
4622 12
4623 17
4624 11
4625 15
4626 26
4627 10
4628 5
4629 4
4630 21
4631 7
4632 3
4633 12
4634 20
4635 19
4636 7
4637 4
4638 6
4639 12
4640 5
4641 9
4642 6
4643 16
4644 11
4645 7
4646 18
4647 8
4648 10
4649 27
4650 2
4651 10
4652 5
4653 22
4654 7
4655 11
4656 6
4657 10
4658 11
4659 17
4660 18
4661 4
4662 15
4663 5
4664 2
4665 11
4666 8
4667 12
4668 1
4669 4
4670 19
4671 7
4672 12
4673 5
4674 7
4675 23
4676 12
4677 13
4678 1
4679 9
4680 1
4681 5
4682 14
4683 13
4684 17
4685 6
4686 10
4687 8
4688 5
4689 2
4690 12
4691 1
4692 7
4693 12
4694 17
4695 18
4696 4
4697 9
4698 14
4699 22
4700 3
4701 5
4702 11
4703 2
4704 11
4705 6
4706 12
4707 8
4708 15
4709 14
4710 8
4711 21
4712 16
4713 13
4714 20
4715 19
4716 14
4717 4
4718 24
4719 8
4720 5
4721 9
4722 11
4723 14
4724 32
4725 14
4726 23
4727 10
4728 3
4729 15
4730 4
4731 7
4732 17
4733 16
4734 5
4735 13
4736 12
4737 18
4738 16
4739 10
4740 15
4741 8
4742 9
4743 14
4744 7
4745 7
4746 18
4747 14
4748 6
4749 8
4750 2
4751 17
4752 7
4753 10
4754 5
4755 15
4756 3
4757 20
4758 6
4759 14
4760 8
4761 20
4762 12
4763 12
4764 20
4765 9
4766 4
4767 19
4768 13
4769 7
4770 23
4771 19
4772 7
4773 9
4774 4
4775 17
4776 11
4777 10
4778 12
4779 7
4780 17
4781 6
4782 7
4783 14
4784 1
4785 8
4786 9
4787 17
4788 22
4789 12
4790 21
4791 18
4792 15
4793 12
4794 13
4795 11
4796 8
4797 14
4798 9
4799 20
4800 21
4801 4
4802 2
4803 3
4804 21
4805 1
4806 21
4807 4
4808 1
4809 6
4810 14
4811 3
4812 17
4813 10
4814 14
4815 8
4816 14
4817 2
4818 1
4819 25
4820 3
4821 16
4822 13
4823 17
4824 6
4825 6
4826 11
4827 23
4828 1
4829 18
4830 4
4831 4
4832 9
4833 2
4834 14
4835 9
4836 19
4837 1
4838 7
4839 18
4840 3
4841 13
4842 18
4843 23
4844 18
4845 12
4846 10
4847 5
4848 11
4849 11
4850 10
4851 22
4852 16
4853 1
4854 16
4855 18
4856 16
4857 8
4858 13
4859 11
4860 6
4861 7
4862 13
4863 4
4864 5
4865 5
4866 24
4867 20
4868 10
4869 21
4870 14
4871 21
4872 12
4873 21
4874 8
4875 26
4876 4
4877 12
4878 21
4879 5
4880 17
4881 9
4882 9
4883 22
4884 16
4885 3
4886 21
4887 16
4888 2
4889 7
4890 3
4891 6
4892 12
4893 3
4894 12
4895 6
4896 9
4897 16
4898 17
4899 11
4900 25
4901 21
4902 17
4903 17
4904 2
4905 1
4906 15
4907 10
4908 22
4909 10
4910 16
4911 6
4912 2
4913 2
4914 16
4915 16
4916 10
4917 13
4918 10
4919 7
4920 18
4921 9
4922 4
4923 7
4924 19
4925 4
4926 9
4927 11
4928 3
4929 11
4930 20
4931 9
4932 5
4933 14
4934 7
4935 9
4936 7
4937 2
4938 2
4939 19
4940 12
4941 5
4942 11
4943 18
4944 4
4945 14
4946 10
4947 15
4948 5
4949 8
4950 15
4951 6
4952 19
4953 8
4954 15
4955 12
4956 20
4957 3
4958 12
4959 17
4960 15
4961 21
4962 5
4963 17
4964 14
4965 28
4966 21
4967 3
4968 7
4969 23
4970 25
4971 7
4972 8
4973 11
4974 11
4975 4
4976 13
4977 15
4978 13
4979 11
4980 13
4981 16
4982 9
4983 1
4984 11
4985 11
4986 1
4987 13
4988 21
4989 22
4990 10
4991 12
4992 8
4993 11
4994 6
4995 15
4996 6
4997 6
4998 6
4999 3
5000 5
5001 2
5002 13
5003 3
5004 4
5005 2
5006 4
5007 20
5008 7
5009 2
5010 14
5011 2
5012 6
5013 18
5014 5
5015 2
5016 15
5017 10
5018 11
5019 21
5020 11
5021 16
5022 22
5023 12
5024 6
5025 5
5026 16
5027 3
5028 19
5029 12
5030 4
5031 15
5032 21
5033 5
5034 5
5035 2
5036 12
5037 10
5038 26
5039 9
5040 8
5041 13
5042 11
5043 18
5044 2
5045 12
5046 11
5047 29
5048 29
5049 21
5050 11
5051 17
5052 8
5053 9
5054 13
5055 10
5056 15
5057 5
5058 13
5059 2
5060 24
5061 6
5062 13
5063 10
5064 11
5065 8
5066 25
5067 8
5068 4
5069 18
5070 8
5071 13
5072 11
5073 20
5074 22
5075 13
5076 4
5077 11
5078 4
5079 15
5080 3
5081 5
5082 13
5083 1
5084 5
5085 8
5086 16
5087 22
5088 21
5089 5
5090 12
5091 4
5092 20
5093 15
5094 11
5095 3
5096 14
5097 10
5098 13
5099 7
5100 2
5101 23
5102 3
5103 10
5104 2
5105 22
5106 14
5107 6
5108 2
5109 12
5110 32
5111 1
5112 14
5113 16
5114 16
5115 18
5116 16
5117 6
5118 11
5119 7
5120 20
5121 10
5122 13
5123 11
5124 5
5125 1
5126 16
5127 6
5128 11
5129 2
5130 16
5131 10
5132 10
5133 11
5134 23
5135 3
5136 10
5137 14
5138 7
5139 6
5140 17
5141 11
5142 5
5143 16
5144 11
5145 22
5146 2
5147 6
5148 14
5149 2
5150 10
5151 15
5152 3
5153 13
5154 20
5155 5
5156 22
5157 6
5158 18
5159 10
5160 2
5161 4
5162 4
5163 23
5164 16
5165 13
5166 17
5167 7
5168 11
5169 15
5170 10
5171 15
5172 18
5173 4
5174 9
5175 3
5176 9
5177 21
5178 8
5179 18
5180 6
5181 10
5182 1
5183 19
5184 10
5185 11
5186 18
5187 16
5188 13
5189 19
5190 17
5191 12
5192 20
5193 14
5194 3
5195 16
5196 10
5197 8
5198 3
5199 8
5200 4
5201 2
5202 24
5203 2
5204 7
5205 21
5206 14
5207 17
5208 7
5209 3
5210 14
5211 17
5212 15
5213 25
5214 13
5215 15
5216 15
5217 7
5218 8
5219 19
5220 13
5221 23
5222 10
5223 6
5224 14
5225 3
5226 18
5227 22
5228 6
5229 4
5230 6
5231 6
5232 2
5233 2
5234 1
5235 5
5236 10
5237 7
5238 15
5239 3
5240 15
5241 28
5242 9
5243 23
5244 12
5245 2
5246 7
5247 5
5248 21
5249 2
5250 7
5251 6
5252 9
5253 3
5254 11
5255 17
5256 2
5257 22
5258 7
5259 11
5260 3
5261 2
5262 22
5263 1
5264 9
5265 2
5266 1
5267 1
5268 26
5269 18
5270 18
5271 5
5272 11
5273 17
5274 17
5275 10
5276 9
5277 15
5278 20
5279 2
5280 20
5281 1
5282 12
5283 2
5284 3
5285 4
5286 16
5287 20
5288 11
5289 2
5290 17
5291 4
5292 2
5293 12
5294 4
5295 4
5296 6
5297 3
5298 14
5299 7
5300 15
5301 3
5302 8
5303 14
5304 1
5305 6
5306 4
5307 14
5308 2
5309 5
5310 9
5311 23
5312 14
5313 1
5314 13
5315 4
5316 10
5317 11
5318 21
5319 5
5320 17
5321 21
5322 14
5323 15
5324 6
5325 16
5326 1
5327 6
5328 12
5329 8
5330 17
5331 6
5332 14
5333 12
5334 9
5335 3
5336 4
5337 13
5338 26
5339 11
5340 9
5341 7
5342 10
5343 13
5344 12
5345 17
5346 4
5347 3
5348 2
5349 4
5350 9
5351 2
5352 17
5353 27
5354 7
5355 13
5356 7
5357 8
5358 4
5359 16
5360 5
5361 1
5362 15
5363 16
5364 15
5365 8
5366 1
5367 1
5368 18
5369 8
5370 18
5371 10
5372 16
5373 13
5374 11
5375 2
5376 15
5377 12
5378 2
5379 19
5380 12
5381 21
5382 12
5383 5
5384 20
5385 23
5386 13
5387 14
5388 9
5389 22
5390 16
5391 21
5392 7
5393 2
5394 11
5395 8
5396 8
5397 22
5398 13
5399 17
5400 7
5401 1
5402 10
5403 8
5404 17
5405 4
5406 6
5407 22
5408 18
5409 14
5410 18
5411 26
5412 11
5413 18
5414 2
5415 12
5416 15
5417 22
5418 7
5419 3
5420 12
5421 22
5422 5
5423 19
5424 11
5425 11
5426 10
5427 2
5428 2
5429 6
5430 4
5431 2
5432 15
5433 10
5434 10
5435 8
5436 1
5437 2
5438 5
5439 20
5440 9
5441 8
5442 4
5443 4
5444 11
5445 1
5446 16
5447 5
5448 14
5449 17
5450 13
5451 6
5452 17
5453 3
5454 13
5455 17
5456 10
5457 15
5458 11
5459 15
5460 6
5461 3
5462 8
5463 1
5464 17
5465 8
5466 5
5467 12
5468 8
5469 7
5470 10
5471 8
5472 13
5473 5
5474 9
5475 18
5476 17
5477 10
5478 5
5479 4
5480 11
5481 12
5482 12
5483 2
5484 6
5485 12
5486 1
5487 17
5488 10
5489 13
5490 11
5491 2
5492 15
5493 7
5494 20
5495 6
5496 6
5497 9
5498 8
5499 10
5500 22
5501 12
5502 6
5503 17
5504 6
5505 11
5506 11
5507 15
5508 5
5509 25
5510 19
5511 9
5512 11
5513 14
5514 8
5515 15
5516 23
5517 10
5518 5
5519 13
5520 10
5521 4
5522 22
5523 16
5524 12
5525 8
5526 10
5527 2
5528 16
5529 5
5530 4
5531 15
5532 6
5533 11
5534 13
5535 15
5536 9
5537 5
5538 11
5539 17
5540 22
5541 13
5542 6
5543 12
5544 5
5545 4
5546 3
5547 9
5548 1
5549 25
5550 18
5551 7
5552 2
5553 23
5554 16
5555 6
5556 11
5557 13
5558 1
5559 6
5560 17
5561 13
5562 28
5563 9
5564 22
5565 18
5566 5
5567 7
5568 5
5569 6
5570 6
5571 18
5572 4
5573 10
5574 4
5575 21
5576 1
5577 6
5578 15
5579 5
5580 20
5581 14
5582 15
5583 20
5584 16
5585 14
5586 4
5587 17
5588 22
5589 19
5590 4
5591 5
5592 5
5593 7
5594 16
5595 20
5596 21
5597 2
5598 12
5599 16
5600 2
5601 21
5602 4
5603 5
5604 16
5605 17
5606 15
5607 4
5608 3
5609 14
5610 7
5611 12
5612 1
5613 11
5614 11
5615 7
5616 9
5617 1
5618 13
5619 5
5620 9
5621 21
5622 20
5623 6
5624 16
5625 13
5626 16
5627 16
5628 14
5629 2
5630 15
5631 4
5632 19
5633 5
5634 10
5635 23
5636 2
5637 22
5638 12
5639 17
5640 21
5641 17
5642 24
5643 5
5644 6
5645 1
5646 12
5647 6
5648 3
5649 7
5650 3
5651 19
5652 18
5653 3
5654 8
5655 15
5656 18
5657 2
5658 4
5659 19
5660 18
5661 15
5662 16
5663 6
5664 4
5665 12
5666 1
5667 22
5668 12
5669 2
5670 4
5671 14
5672 12
5673 13
5674 9
5675 7
5676 6
5677 21
5678 6
5679 17
5680 10
5681 10
5682 7
5683 20
5684 17
5685 3
5686 8
5687 12
5688 2
5689 15
5690 17
5691 7
5692 19
5693 20
5694 15
5695 10
5696 5
5697 7
5698 12
5699 13
5700 8
5701 3
5702 13
5703 23
5704 10
5705 11
5706 15
5707 11
5708 5
5709 5
5710 4
5711 16
5712 10
5713 19
5714 11
5715 19
5716 20
5717 5
5718 14
5719 7
5720 4
5721 8
5722 10
5723 17
5724 21
5725 11
5726 4
5727 8
5728 1
5729 3
5730 15
5731 18
5732 3
5733 13
5734 15
5735 17
5736 6
5737 20
5738 16
5739 17
5740 8
5741 15
5742 15
5743 23
5744 17
5745 20
5746 20
5747 19
5748 10
5749 25
5750 20
5751 14
5752 23
5753 10
5754 2
5755 20
5756 15
5757 5
5758 11
5759 19
5760 17
5761 10
5762 12
5763 15
5764 7
5765 8
5766 10
5767 5
5768 3
5769 18
5770 11
5771 18
5772 12
5773 13
5774 3
5775 24
5776 11
5777 6
5778 13
5779 22
5780 1
5781 17
5782 4
5783 20
5784 6
5785 23
5786 9
5787 20
5788 27
5789 21
5790 8
5791 5
5792 3
5793 14
5794 11
5795 3
5796 9
5797 16
5798 2
5799 4
5800 5
5801 12
5802 15
5803 18
5804 12
5805 6
5806 5
5807 11
5808 16
5809 2
5810 16
5811 1
5812 8
5813 7
5814 5
5815 10
5816 10
5817 1
5818 12
5819 6
5820 4
5821 12
5822 4
5823 4
5824 5
5825 15
5826 11
5827 22
5828 12
5829 6
5830 1
5831 14
5832 13
5833 7
5834 23
5835 23
5836 1
5837 2
5838 9
5839 2
5840 17
5841 19
5842 11
5843 22
5844 1
5845 4
5846 6
5847 18
5848 2
5849 18
5850 17
5851 11
5852 9
5853 28
5854 13
5855 12
5856 9
5857 20
5858 7
5859 15
5860 4
5861 6
5862 21
5863 16
5864 7
5865 17
5866 17
5867 11
5868 5
5869 3
5870 22
5871 2
5872 11
5873 10
5874 4
5875 3
5876 15
5877 11
5878 17
5879 18
5880 3
5881 14
5882 8
5883 21
5884 26
5885 9
5886 15
5887 2
5888 20
5889 4
5890 15
5891 24
5892 6
5893 8
5894 9
5895 7
5896 19
5897 5
5898 11
5899 11
5900 12
5901 8
5902 15
5903 16
5904 10
5905 2
5906 3
5907 1
5908 11
5909 2
5910 2
5911 18
5912 20
5913 18
5914 2
5915 17
5916 5
5917 3
5918 11
5919 7
5920 18
5921 19
5922 1
5923 8
5924 21
5925 15
5926 2
5927 18
5928 20
5929 9
5930 7
5931 7
5932 19
5933 2
5934 3
5935 8
5936 2
5937 16
5938 8
5939 4
5940 5
5941 21
5942 8
5943 20
5944 11
5945 15
5946 9
5947 5
5948 10
5949 24
5950 10
5951 3
5952 4
5953 20
5954 11
5955 20
5956 12
5957 13
5958 10
5959 6
5960 2
5961 16
5962 2
5963 5
5964 17
5965 3
5966 6
5967 8
5968 5
5969 4
5970 1
5971 6
5972 2
5973 20
5974 11
5975 25
5976 13
5977 1
5978 3
5979 3
5980 10
5981 18
5982 2
5983 3
5984 9
5985 13
5986 3
5987 28
5988 18
5989 2
5990 3
5991 6
5992 19
5993 26
5994 4
5995 5
5996 7
5997 13
5998 5
5999 15
6000 8
6001 2
6002 2
6003 18
6004 23
6005 18
6006 16
6007 10
6008 5
6009 6
6010 12
6011 13
6012 24
6013 2
6014 14
6015 10
6016 19
6017 11
6018 10
6019 23
6020 1
6021 11
6022 8
6023 11
6024 16
6025 9
6026 1
6027 19
6028 24
6029 21
6030 17
6031 12
6032 9
6033 1
6034 10
6035 8
6036 24
6037 9
6038 17
6039 7
6040 19
6041 8
6042 19
6043 13
6044 2
6045 11
6046 2
6047 12
6048 5
6049 14
6050 24
6051 1
6052 5
6053 8
6054 14
6055 17
6056 10
6057 14
6058 13
6059 11
6060 1
6061 24
6062 14
6063 11
6064 8
6065 7
6066 2
6067 12
6068 9
6069 19
6070 5
6071 17
6072 11
6073 13
6074 10
6075 6
6076 3
6077 8
6078 9
6079 37
6080 16
6081 4
6082 21
6083 13
6084 15
6085 1
6086 15
6087 14
6088 8
6089 18
6090 13
6091 5
6092 11
6093 10
6094 6
6095 5
6096 25
6097 15
6098 20
6099 21
6100 23
6101 14
6102 33
6103 1
6104 3
6105 14
6106 5
6107 8
6108 22
6109 14
6110 3
6111 11
6112 13
6113 20
6114 12
6115 11
6116 4
6117 2
6118 10
6119 9
6120 9
6121 12
6122 16
6123 9
6124 16
6125 3
6126 25
6127 12
6128 10
6129 3
6130 7
6131 10
6132 16
6133 27
6134 15
6135 26
6136 12
6137 8
6138 20
6139 14
6140 21
6141 12
6142 13
6143 4
6144 6
6145 7
6146 5
6147 8
6148 3
6149 4
6150 2
6151 17
6152 14
6153 10
6154 4
6155 23
6156 8
6157 9
6158 15
6159 24
6160 5
6161 25
6162 12
6163 10
6164 7
6165 14
6166 24
6167 25
6168 15
6169 7
6170 1
6171 11
6172 12
6173 5
6174 11
6175 14
6176 1
6177 13
6178 9
6179 14
6180 19
6181 18
6182 1
6183 4
6184 17
6185 2
6186 16
6187 1
6188 14
6189 12
6190 27
6191 18
6192 17
6193 13
6194 13
6195 2
6196 4
6197 25
6198 7
6199 2
6200 21
6201 2
6202 6
6203 8
6204 13
6205 14
6206 6
6207 4
6208 13
6209 9
6210 2
6211 3
6212 6
6213 19
6214 9
6215 15
6216 25
6217 8
6218 6
6219 3
6220 22
6221 28
6222 18
6223 13
6224 11
6225 12
6226 5
6227 13
6228 4
6229 2
6230 12
6231 24
6232 8
6233 13
6234 12
6235 6
6236 7
6237 2
6238 5
6239 6
6240 20
6241 2
6242 23
6243 5
6244 9
6245 9
6246 19
6247 7
6248 14
6249 9
6250 3
6251 14
6252 13
6253 13
6254 15
6255 17
6256 3
6257 16
6258 19
6259 18
6260 21
6261 20
6262 2
6263 30
6264 3
6265 22
6266 17
6267 3
6268 18
6269 8
6270 4
6271 8
6272 19
6273 20
6274 12
6275 16
6276 27
6277 14
6278 11
6279 16
6280 13
6281 22
6282 16
6283 9
6284 19
6285 8
6286 7
6287 18
6288 12
6289 20
6290 6
6291 11
6292 4
6293 24
6294 1
6295 19
6296 5
6297 1
6298 8
6299 16
6300 17
6301 10
6302 9
6303 16
6304 28
6305 9
6306 5
6307 15
6308 5
6309 7
6310 9
6311 4
6312 25
6313 13
6314 18
6315 21
6316 5
6317 14
6318 4
6319 5
6320 1
6321 10
6322 5
6323 1
6324 16
6325 13
6326 17
6327 7
6328 21
6329 12
6330 16
6331 12
6332 27
6333 10
6334 12
6335 3
6336 5
6337 18
6338 14
6339 12
6340 3
6341 18
6342 9
6343 21
6344 19
6345 7
6346 4
6347 10
6348 2
6349 20
6350 16
6351 9
6352 10
6353 22
6354 6
6355 20
6356 11
6357 18
6358 1
6359 4
6360 5
6361 22
6362 24
6363 8
6364 15
6365 9
6366 3
6367 7
6368 7
6369 1
6370 7
6371 18
6372 2
6373 2
6374 13
6375 27
6376 6
6377 1
6378 1
6379 10
6380 3
6381 1
6382 4
6383 2
6384 17
6385 15
6386 2
6387 15
6388 8
6389 7
6390 18
6391 10
6392 12
6393 8
6394 16
6395 5
6396 16
6397 19
6398 17
6399 15
6400 2
6401 18
6402 9
6403 14
6404 13
6405 7
6406 19
6407 12
6408 3
6409 22
6410 6
6411 9
6412 6
6413 10
6414 26
6415 3
6416 3
6417 29
6418 10
6419 2
6420 1
6421 6
6422 12
6423 5
6424 21
6425 9
6426 7
6427 18
6428 21
6429 11
6430 14
6431 15
6432 11
6433 5
6434 8
6435 23
6436 8
6437 19
6438 4
6439 13
6440 2
6441 5
6442 14
6443 11
6444 13
6445 14
6446 5
6447 11
6448 11
6449 19
6450 16
6451 10
6452 9
6453 13
6454 7
6455 8
6456 9
6457 3
6458 9
6459 9
6460 8
6461 3
6462 7
6463 3
6464 8
6465 8
6466 10
6467 12
6468 21
6469 7
6470 21
6471 17
6472 1
6473 3
6474 17
6475 5
6476 2
6477 1
6478 18
6479 8
6480 1
6481 7
6482 2
6483 5
6484 18
6485 19
6486 18
6487 4
6488 13
6489 12
6490 20
6491 5
6492 2
6493 13
6494 2
6495 10
6496 13
6497 3
6498 1
6499 20
6500 6
6501 3
6502 20
6503 4
6504 7
6505 12
6506 3
6507 11
6508 6
6509 5
6510 10
6511 4
6512 9
6513 17
6514 5
6515 32
6516 10
6517 6
6518 29
6519 15
6520 11
6521 8
6522 9
6523 8
6524 1
6525 1
6526 8
6527 5
6528 20
6529 18
6530 16
6531 2
6532 13
6533 11
6534 23
6535 15
6536 18
6537 10
6538 15
6539 24
6540 7
6541 9
6542 2
6543 4
6544 4
6545 6
6546 17
6547 13
6548 3
6549 8
6550 11
6551 19
6552 7
6553 3
6554 15
6555 15
6556 3
6557 14
6558 13
6559 3
6560 15
6561 10
6562 10
6563 13
6564 15
6565 12
6566 15
6567 2
6568 16
6569 14
6570 10
6571 12
6572 8
6573 15
6574 9
6575 15
6576 10
6577 16
6578 12
6579 13
6580 7
6581 7
6582 11
6583 16
6584 2
6585 11
6586 10
6587 1
6588 14
6589 3
6590 14
6591 18
6592 14
6593 1
6594 13
6595 13
6596 15
6597 12
6598 7
6599 8
6600 12
6601 6
6602 1
6603 15
6604 10
6605 31
6606 5
6607 15
6608 10
6609 11
6610 12
6611 14
6612 2
6613 16
6614 12
6615 12
6616 17
6617 2
6618 7
6619 10
6620 14
6621 23
6622 9
6623 10
6624 13
6625 17
6626 13
6627 8
6628 19
6629 5
6630 9
6631 5
6632 15
6633 2
6634 6
6635 12
6636 28
6637 5
6638 8
6639 17
6640 3
6641 7
6642 5
6643 9
6644 21
6645 12
6646 25
6647 8
6648 11
6649 4
6650 8
6651 3
6652 19
6653 9
6654 25
6655 28
6656 19
6657 15
6658 1
6659 9
6660 6
6661 1
6662 18
6663 19
6664 21
6665 8
6666 3
6667 15
6668 16
6669 8
6670 18
6671 12
6672 14
6673 13
6674 7
6675 18
6676 3
6677 9
6678 14
6679 3
6680 14
6681 8
6682 2
6683 9
6684 21
6685 7
6686 7
6687 12
6688 13
6689 25
6690 12
6691 6
6692 13
6693 22
6694 9
6695 17
6696 7
6697 14
6698 22
6699 21
6700 14
6701 7
6702 4
6703 22
6704 10
6705 7
6706 11
6707 10
6708 5
6709 21
6710 5
6711 31
6712 13
6713 9
6714 2
6715 15
6716 15
6717 11
6718 22
6719 20
6720 25
6721 3
6722 7
6723 14
6724 14
6725 2
6726 19
6727 27
6728 22
6729 9
6730 14
6731 21
6732 2
6733 1
6734 8
6735 19
6736 16
6737 4
6738 7
6739 13
6740 15
6741 22
6742 7
6743 15
6744 21
6745 9
6746 19
6747 5
6748 27
6749 2
6750 18
6751 16
6752 12
6753 7
6754 7
6755 1
6756 17
6757 24
6758 5
6759 6
6760 15
6761 5
6762 6
6763 18
6764 24
6765 18
6766 5
6767 4
6768 17
6769 18
6770 6
6771 6
6772 9
6773 22
6774 14
6775 2
6776 15
6777 20
6778 21
6779 4
6780 9
6781 9
6782 4
6783 15
6784 10
6785 14
6786 6
6787 2
6788 14
6789 23
6790 6
6791 20
6792 15
6793 12
6794 7
6795 15
6796 18
6797 5
6798 9
6799 10
6800 15
6801 7
6802 12
6803 3
6804 1
6805 7
6806 27
6807 5
6808 3
6809 2
6810 16
6811 14
6812 7
6813 18
6814 14
6815 5
6816 19
6817 9
6818 1
6819 6
6820 7
6821 14
6822 13
6823 4
6824 16
6825 21
6826 4
6827 7
6828 16
6829 12
6830 14
6831 11
6832 13
6833 9
6834 18
6835 13
6836 7
6837 4
6838 2
6839 7
6840 3
6841 2
6842 9
6843 11
6844 24
6845 10
6846 8
6847 11
6848 6
6849 3
6850 2
6851 10
6852 14
6853 24
6854 3
6855 10
6856 13
6857 17
6858 26
6859 14
6860 14
6861 22
6862 14
6863 8
6864 17
6865 10
6866 2
6867 33
6868 1
6869 10
6870 3
6871 24
6872 7
6873 8
6874 9
6875 19
6876 5
6877 17
6878 6
6879 16
6880 8
6881 4
6882 2
6883 22
6884 17
6885 10
6886 15
6887 19
6888 4
6889 13
6890 15
6891 7
6892 10
6893 20
6894 22
6895 14
6896 2
6897 11
6898 8
6899 14
6900 8
6901 16
6902 3
6903 25
6904 10
6905 20
6906 1
6907 10
6908 2
6909 10
6910 14
6911 24
6912 7
6913 12
6914 2
6915 8
6916 4
6917 12
6918 11
6919 13
6920 14
6921 6
6922 9
6923 10
6924 13
6925 3
6926 3
6927 2
6928 1
6929 10
6930 4
6931 15
6932 15
6933 15
6934 22
6935 24
6936 17
6937 3
6938 6
6939 9
6940 1
6941 16
6942 18
6943 3
6944 3
6945 14
6946 5
6947 7
6948 8
6949 13
6950 14
6951 4
6952 5
6953 20
6954 2
6955 14
6956 16
6957 19
6958 25
6959 10
6960 13
6961 3
6962 5
6963 19
6964 2
6965 21
6966 10
6967 18
6968 8
6969 1
6970 2
6971 17
6972 11
6973 9
6974 21
6975 17
6976 8
6977 8
6978 19
6979 9
6980 5
6981 16
6982 2
6983 23
6984 11
6985 11
6986 6
6987 12
6988 15
6989 7
6990 19
6991 13
6992 17
6993 14
6994 4
6995 1
6996 5
6997 2
6998 3
6999 1
7000 6
7001 12
7002 6
7003 14
7004 5
7005 1
7006 4
7007 2
7008 9
7009 23
7010 15
7011 6
7012 20
7013 10
7014 3
7015 12
7016 6
7017 18
7018 12
7019 18
7020 14
7021 11
7022 17
7023 11
7024 19
7025 2
7026 12
7027 19
7028 18
7029 21
7030 12
7031 17
7032 21
7033 2
7034 18
7035 23
7036 11
7037 1
7038 16
7039 24
7040 4
7041 1
7042 16
7043 23
7044 15
7045 1
7046 6
7047 14
7048 4
7049 8
7050 27
7051 9
7052 1
7053 11
7054 11
7055 5
7056 2
7057 4
7058 22
7059 10
7060 11
7061 13
7062 19
7063 20
7064 4
7065 9
7066 10
7067 31
7068 10
7069 1
7070 7
7071 24
7072 17
7073 24
7074 22
7075 17
7076 16
7077 5
7078 9
7079 12
7080 15
7081 14
7082 7
7083 6
7084 12
7085 16
7086 4
7087 18
7088 16
7089 16
7090 14
7091 22
7092 7
7093 18
7094 20
7095 11
7096 1
7097 5
7098 4
7099 11
7100 16
7101 14
7102 5
7103 14
7104 22
7105 13
7106 11
7107 12
7108 13
7109 9
7110 4
7111 11
7112 8
7113 16
7114 17
7115 20
7116 6
7117 12
7118 20
7119 6
7120 13
7121 24
7122 12
7123 2
7124 10
7125 5
7126 20
7127 16
7128 13
7129 22
7130 2
7131 11
7132 6
7133 8
7134 4
7135 10
7136 3
7137 18
7138 7
7139 7
7140 14
7141 4
7142 8
7143 9
7144 9
7145 9
7146 4
7147 5
7148 1
7149 3
7150 6
7151 8
7152 20
7153 14
7154 12
7155 18
7156 1
7157 2
7158 7
7159 20
7160 27
7161 10
7162 8
7163 15
7164 22
7165 1
7166 10
7167 2
7168 3
7169 19
7170 6
7171 20
7172 12
7173 29
7174 13
7175 4
7176 2
7177 3
7178 9
7179 14
7180 11
7181 7
7182 7
7183 20
7184 10
7185 3
7186 18
7187 6
7188 7
7189 1
7190 23
7191 2
7192 10
7193 3
7194 15
7195 11
7196 5
7197 8
7198 3
7199 4
7200 13
7201 7
7202 14
7203 1
7204 6
7205 16
7206 23
7207 5
7208 19
7209 9
7210 6
7211 10
7212 27
7213 4
7214 13
7215 2
7216 20
7217 13
7218 20
7219 12
7220 13
7221 6
7222 3
7223 7
7224 16
7225 4
7226 13
7227 3
7228 3
7229 9
7230 1
7231 9
7232 19
7233 2
7234 14
7235 11
7236 16
7237 19
7238 13
7239 3
7240 12
7241 20
7242 5
7243 1
7244 3
7245 7
7246 8
7247 12
7248 15
7249 8
7250 7
7251 14
7252 10
7253 9
7254 22
7255 6
7256 1
7257 1
7258 9
7259 3
7260 1
7261 9
7262 14
7263 1
7264 2
7265 6
7266 14
7267 19
7268 10
7269 12
7270 16
7271 15
7272 23
7273 8
7274 14
7275 19
7276 17
7277 2
7278 14
7279 11
7280 5
7281 16
7282 13
7283 11
7284 9
7285 2
7286 20
7287 2
7288 23
7289 11
7290 13
7291 22
7292 4
7293 4
7294 1
7295 6
7296 13
7297 8
7298 10
7299 13
7300 12
7301 6
7302 6
7303 12
7304 22
7305 7
7306 15
7307 9
7308 3
7309 20
7310 19
7311 13
7312 3
7313 25
7314 13
7315 11
7316 1
7317 9
7318 11
7319 28
7320 2
7321 15
7322 17
7323 15
7324 11
7325 5
7326 11
7327 11
7328 5
7329 14
7330 10
7331 12
7332 15
7333 11
7334 26
7335 2
7336 2
7337 13
7338 8
7339 29
7340 15
7341 19
7342 15
7343 12
7344 14
7345 2
7346 19
7347 16
7348 2
7349 12
7350 1
7351 2
7352 17
7353 13
7354 9
7355 3
7356 13
7357 5
7358 3
7359 23
7360 7
7361 13
7362 12
7363 13
7364 13
7365 2
7366 3
7367 15
7368 15
7369 12
7370 19
7371 10
7372 3
7373 14
7374 8
7375 3
7376 8
7377 20
7378 16
7379 25
7380 5
7381 21
7382 10
7383 2
7384 15
7385 9
7386 16
7387 2
7388 25
7389 13
7390 28
7391 2
7392 7
7393 1
7394 13
7395 4
7396 22
7397 12
7398 13
7399 9
7400 13
7401 1
7402 10
7403 14
7404 1
7405 24
7406 12
7407 4
7408 22
7409 11
7410 6
7411 4
7412 9
7413 3
7414 6
7415 11
7416 6
7417 16
7418 5
7419 13
7420 10
7421 13
7422 3
7423 14
7424 22
7425 19
7426 7
7427 14
7428 20
7429 21
7430 11
7431 6
7432 7
7433 5
7434 7
7435 11
7436 15
7437 9
7438 5
7439 18
7440 12
7441 11
7442 9
7443 3
7444 5
7445 4
7446 18
7447 18
7448 6
7449 10
7450 7
7451 22
7452 15
7453 5
7454 8
7455 23
7456 8
7457 15
7458 8
7459 6
7460 12
7461 9
7462 7
7463 11
7464 14
7465 13
7466 3
7467 9
7468 3
7469 23
7470 14
7471 24
7472 6
7473 10
7474 2
7475 12
7476 3
7477 8
7478 8
7479 17
7480 7
7481 4
7482 16
7483 13
7484 9
7485 11
7486 6
7487 10
7488 2
7489 28
7490 13
7491 1
7492 3
7493 3
7494 15
7495 18
7496 1
7497 6
7498 19
7499 17
7500 14
7501 6
7502 6
7503 4
7504 16
7505 5
7506 9
7507 1
7508 12
7509 25
7510 5
7511 25
7512 12
7513 11
7514 16
7515 1
7516 7
7517 11
7518 8
7519 9
7520 4
7521 5
7522 6
7523 4
7524 9
7525 6
7526 3
7527 12
7528 22
7529 7
7530 21
7531 9
7532 10
7533 14
7534 24
7535 11
7536 13
7537 5
7538 2
7539 22
7540 2
7541 10
7542 2
7543 15
7544 22
7545 9
7546 9
7547 19
7548 10
7549 10
7550 17
7551 9
7552 17
7553 9
7554 9
7555 9
7556 11
7557 9
7558 13
7559 2
7560 10
7561 5
7562 11
7563 9
7564 16
7565 25
7566 21
7567 7
7568 13
7569 4
7570 15
7571 5
7572 12
7573 23
7574 9
7575 18
7576 3
7577 2
7578 12
7579 17
7580 6
7581 8
7582 6
7583 9
7584 2
7585 15
7586 22
7587 3
7588 2
7589 13
7590 4
7591 3
7592 1
7593 6
7594 16
7595 12
7596 25
7597 5
7598 16
7599 8
7600 7
7601 13
7602 9
7603 5
7604 4
7605 5
7606 7
7607 1
7608 13
7609 20
7610 8
7611 10
7612 8
7613 11
7614 3
7615 15
7616 5
7617 8
7618 5
7619 7
7620 2
7621 18
7622 2
7623 9
7624 21
7625 19
7626 15
7627 12
7628 15
7629 13
7630 11
7631 19
7632 6
7633 9
7634 14
7635 7
7636 19
7637 7
7638 3
7639 14
7640 14
7641 13
7642 2
7643 17
7644 1
7645 4
7646 4
7647 14
7648 7
7649 12
7650 12
7651 15
7652 25
7653 21
7654 23
7655 7
7656 17
7657 10
7658 22
7659 7
7660 2
7661 17
7662 3
7663 19
7664 12
7665 3
7666 19
7667 18
7668 12
7669 5
7670 12
7671 6
7672 14
7673 6
7674 1
7675 9
7676 5
7677 10
7678 18
7679 14
7680 6
7681 11
7682 4
7683 4
7684 13
7685 4
7686 10
7687 7
7688 8
7689 1
7690 9
7691 13
7692 5
7693 21
7694 1
7695 5
7696 22
7697 16
7698 13
7699 12
7700 8
7701 3
7702 17
7703 13
7704 11
7705 7
7706 4
7707 13
7708 6
7709 19
7710 7
7711 11
7712 16
7713 11
7714 6
7715 21
7716 8
7717 1
7718 27
7719 27
7720 17
7721 17
7722 23
7723 14
7724 15
7725 3
7726 21
7727 8
7728 17
7729 2
7730 18
7731 5
7732 6
7733 1
7734 24
7735 13
7736 11
7737 13
7738 16
7739 12
7740 17
7741 2
7742 23
7743 1
7744 7
7745 8
7746 1
7747 6
7748 8
7749 14
7750 4
7751 11
7752 11
7753 20
7754 14
7755 17
7756 18
7757 12
7758 17
7759 8
7760 5
7761 7
7762 7
7763 10
7764 3
7765 24
7766 11
7767 12
7768 18
7769 10
7770 4
7771 1
7772 4
7773 15
7774 7
7775 5
7776 6
7777 17
7778 1
7779 14
7780 14
7781 13
7782 12
7783 10
7784 3
7785 11
7786 2
7787 24
7788 11
7789 8
7790 16
7791 2
7792 6
7793 11
7794 17
7795 16
7796 3
7797 3
7798 13
7799 6
7800 21
7801 6
7802 10
7803 19
7804 3
7805 17
7806 17
7807 15
7808 5
7809 17
7810 4
7811 8
7812 15
7813 6
7814 13
7815 1
7816 17
7817 12
7818 1
7819 8
7820 22
7821 15
7822 18
7823 6
7824 15
7825 11
7826 13
7827 19
7828 2
7829 14
7830 20
7831 11
7832 5
7833 3
7834 23
7835 18
7836 20
7837 21
7838 8
7839 9
7840 2
7841 4
7842 5
7843 19
7844 9
7845 5
7846 18
7847 2
7848 3
7849 13
7850 19
7851 17
7852 10
7853 5
7854 3
7855 5
7856 2
7857 2
7858 13
7859 16
7860 15
7861 17
7862 12
7863 12
7864 10
7865 16
7866 11
7867 9
7868 17
7869 13
7870 5
7871 16
7872 17
7873 13
7874 8
7875 4
7876 15
7877 16
7878 23
7879 2
7880 2
7881 1
7882 6
7883 21
7884 10
7885 13
7886 6
7887 11
7888 6
7889 18
7890 14
7891 11
7892 11
7893 6
7894 8
7895 11
7896 19
7897 2
7898 5
7899 16
7900 16
7901 17
7902 15
7903 5
7904 14
7905 4
7906 6
7907 16
7908 4
7909 18
7910 13
7911 17
7912 11
7913 14
7914 5
7915 13
7916 9
7917 15
7918 3
7919 8
7920 4
7921 16
7922 2
7923 4
7924 10
7925 3
7926 22
7927 5
7928 5
7929 4
7930 17
7931 18
7932 14
7933 22
7934 2
7935 6
7936 15
7937 3
7938 12
7939 11
7940 12
7941 4
7942 12
7943 14
7944 4
7945 20
7946 20
7947 27
7948 8
7949 6
7950 14
7951 18
7952 5
7953 14
7954 1
7955 6
7956 18
7957 9
7958 18
7959 1
7960 17
7961 6
7962 15
7963 9
7964 12
7965 23
7966 7
7967 14
7968 5
7969 22
7970 11
7971 14
7972 14
7973 12
7974 15
7975 13
7976 5
7977 4
7978 12
7979 18
7980 21
7981 2
7982 4
7983 7
7984 26
7985 9
7986 7
7987 9
7988 18
7989 9
7990 14
7991 9
7992 10
7993 13
7994 23
7995 7
7996 14
7997 9
7998 16
7999 5
8000 1
8001 13
8002 24
8003 5
8004 11
8005 10
8006 12
8007 19
8008 5
8009 15
8010 6
8011 17
8012 11
8013 6
8014 17
8015 1
8016 15
8017 21
8018 4
8019 7
8020 15
8021 7
8022 19
8023 16
8024 16
8025 15
8026 14
8027 23
8028 5
8029 14
8030 10
8031 15
8032 10
8033 4
8034 14
8035 7
8036 15
8037 25
8038 18
8039 2
8040 3
8041 10
8042 8
8043 13
8044 6
8045 4
8046 6
8047 12
8048 11
8049 1
8050 10
8051 25
8052 18
8053 3
8054 20
8055 7
8056 25
8057 13
8058 9
8059 10
8060 18
8061 6
8062 19
8063 4
8064 12
8065 7
8066 4
8067 11
8068 17
8069 13
8070 17
8071 8
8072 12
8073 11
8074 11
8075 13
8076 9
8077 8
8078 9
8079 14
8080 5
8081 22
8082 2
8083 15
8084 3
8085 1
8086 5
8087 5
8088 23
8089 16
8090 8
8091 15
8092 6
8093 14
8094 12
8095 7
8096 11
8097 13
8098 16
8099 7
8100 4
8101 22
8102 13
8103 11
8104 1
8105 14
8106 17
8107 10
8108 22
8109 11
8110 3
8111 10
8112 1
8113 19
8114 2
8115 16
8116 13
8117 12
8118 24
8119 4
8120 7
8121 3
8122 8
8123 11
8124 12
8125 16
8126 11
8127 13
8128 9
8129 11
8130 6
8131 19
8132 12
8133 14
8134 18
8135 9
8136 10
8137 17
8138 8
8139 2
8140 1
8141 1
8142 6
8143 22
8144 17
8145 10
8146 16
8147 6
8148 19
8149 8
8150 16
8151 3
8152 1
8153 18
8154 12
8155 19
8156 7
8157 21
8158 35
8159 11
8160 15
8161 17
8162 1
8163 10
8164 9
8165 4
8166 11
8167 11
8168 5
8169 12
8170 15
8171 2
8172 7
8173 2
8174 13
8175 5
8176 12
8177 13
8178 16
8179 13
8180 3
8181 10
8182 12
8183 3
8184 13
8185 15
8186 9
8187 10
8188 23
8189 4
8190 14
8191 9
8192 12
8193 12
8194 23
8195 19
8196 20
8197 10
8198 6
8199 5
8200 5
8201 12
8202 13
8203 14
8204 2
8205 17
8206 2
8207 15
8208 7
8209 6
8210 23
8211 2
8212 10
8213 7
8214 5
8215 6
8216 9
8217 16
8218 15
8219 3
8220 12
8221 23
8222 14
8223 22
8224 2
8225 3
8226 9
8227 19
8228 8
8229 23
8230 14
8231 3
8232 16
8233 20
8234 7
8235 23
8236 8
8237 2
8238 13
8239 18
8240 19
8241 6
8242 15
8243 2
8244 13
8245 1
8246 5
8247 19
8248 15
8249 21
8250 21
8251 5
8252 15
8253 26
8254 17
8255 5
8256 19
8257 16
8258 3
8259 12
8260 17
8261 17
8262 10
8263 19
8264 6
8265 22
8266 6
8267 19
8268 4
8269 8
8270 18
8271 4
8272 9
8273 16
8274 3
8275 4
8276 6
8277 26
8278 7
8279 4
8280 8
8281 16
8282 1
8283 11
8284 19
8285 5
8286 5
8287 18
8288 8
8289 15
8290 7
8291 20
8292 16
8293 2
8294 14
8295 2
8296 6
8297 11
8298 13
8299 18
8300 14
8301 7
8302 15
8303 3
8304 13
8305 19
8306 5
8307 1
8308 4
8309 10
8310 11
8311 7
8312 13
8313 7
8314 18
8315 15
8316 3
8317 3
8318 16
8319 20
8320 11
8321 9
8322 19
8323 7
8324 23
8325 8
8326 3
8327 10
8328 12
8329 15
8330 5
8331 1
8332 2
8333 7
8334 11
8335 6
8336 11
8337 15
8338 30
8339 5
8340 17
8341 7
8342 16
8343 17
8344 8
8345 10
8346 4
8347 4
8348 13
8349 4
8350 9
8351 7
8352 1
8353 12
8354 7
8355 9
8356 7
8357 4
8358 8
8359 15
8360 10
8361 9
8362 18
8363 10
8364 11
8365 5
8366 14
8367 20
8368 11
8369 10
8370 2
8371 20
8372 7
8373 5
8374 15
8375 26
8376 8
8377 9
8378 20
8379 1
8380 7
8381 17
8382 20
8383 13
8384 21
8385 4
8386 10
8387 14
8388 9
8389 20
8390 6
8391 18
8392 5
8393 23
8394 3
8395 15
8396 4
8397 9
8398 22
8399 2
8400 11
8401 1
8402 23
8403 19
8404 17
8405 14
8406 15
8407 5
8408 10
8409 8
8410 5
8411 17
8412 11
8413 13
8414 19
8415 21
8416 13
8417 11
8418 11
8419 13
8420 5
8421 7
8422 4
8423 23
8424 12
8425 12
8426 9
8427 1
8428 21
8429 11
8430 14
8431 6
8432 7
8433 22
8434 21
8435 4
8436 1
8437 18
8438 4
8439 23
8440 5
8441 7
8442 15
8443 1
8444 2
8445 13
8446 26
8447 5
8448 15
8449 12
8450 17
8451 1
8452 11
8453 1
8454 4
8455 16
8456 11
8457 11
8458 10
8459 14
8460 4
8461 5
8462 15
8463 24
8464 15
8465 8
8466 6
8467 19
8468 15
8469 2
8470 25
8471 25
8472 15
8473 25
8474 19
8475 11
8476 13
8477 18
8478 2
8479 10
8480 2
8481 15
8482 4
8483 2
8484 6
8485 11
8486 4
8487 9
8488 2
8489 12
8490 10
8491 12
8492 3
8493 13
8494 16
8495 12
8496 14
8497 12
8498 10
8499 14
8500 10
8501 19
8502 10
8503 12
8504 2
8505 8
8506 10
8507 12
8508 7
8509 17
8510 5
8511 5
8512 6
8513 1
8514 13
8515 4
8516 8
8517 12
8518 11
8519 18
8520 19
8521 4
8522 25
8523 1
8524 16
8525 7
8526 5
8527 15
8528 12
8529 7
8530 10
8531 2
8532 2
8533 13
8534 15
8535 1
8536 16
8537 9
8538 1
8539 19
8540 9
8541 16
8542 5
8543 19
8544 13
8545 19
8546 4
8547 9
8548 11
8549 9
8550 14
8551 4
8552 6
8553 11
8554 7
8555 1
8556 8
8557 1
8558 6
8559 8
8560 7
8561 9
8562 12
8563 10
8564 10
8565 11
8566 10
8567 9
8568 3
8569 11
8570 3
8571 6
8572 3
8573 7
8574 1
8575 6
8576 17
8577 9
8578 18
8579 14
8580 4
8581 18
8582 8
8583 16
8584 16
8585 8
8586 13
8587 6
8588 17
8589 16
8590 3
8591 7
8592 12
8593 20
8594 12
8595 16
8596 23
8597 22
8598 10
8599 17
8600 11
8601 5
8602 15
8603 5
8604 11
8605 2
8606 9
8607 13
8608 1
8609 20
8610 14
8611 14
8612 7
8613 21
8614 19
8615 11
8616 15
8617 17
8618 15
8619 4
8620 3
8621 4
8622 3
8623 6
8624 19
8625 12
8626 11
8627 2
8628 1
8629 9
8630 11
8631 12
8632 14
8633 3
8634 2
8635 9
8636 18
8637 28
8638 9
8639 2
8640 16
8641 7
8642 17
8643 23
8644 8
8645 10
8646 11
8647 7
8648 10
8649 6
8650 8
8651 7
8652 8
8653 8
8654 2
8655 8
8656 1
8657 11
8658 8
8659 6
8660 15
8661 13
8662 8
8663 20
8664 6
8665 10
8666 11
8667 6
8668 5
8669 13
8670 11
8671 4
8672 16
8673 15
8674 12
8675 8
8676 7
8677 10
8678 19
8679 2
8680 11
8681 12
8682 2
8683 5
8684 11
8685 13
8686 10
8687 7
8688 9
8689 22
8690 16
8691 6
8692 15
8693 4
8694 18
8695 15
8696 11
8697 8
8698 16
8699 7
8700 11
8701 5
8702 1
8703 2
8704 27
8705 16
8706 2
8707 13
8708 15
8709 4
8710 27
8711 3
8712 6
8713 10
8714 21
8715 8
8716 4
8717 15
8718 5
8719 11
8720 9
8721 20
8722 5
8723 6
8724 7
8725 23
8726 17
8727 14
8728 5
8729 5
8730 5
8731 10
8732 13
8733 10
8734 15
8735 7
8736 13
8737 9
8738 5
8739 12
8740 17
8741 6
8742 13
8743 11
8744 9
8745 13
8746 6
8747 6
8748 3
8749 12
8750 10
8751 29
8752 13
8753 21
8754 16
8755 7
8756 10
8757 14
8758 13
8759 6
8760 3
8761 1
8762 19
8763 14
8764 9
8765 17
8766 13
8767 14
8768 16
8769 3
8770 16
8771 16
8772 8
8773 27
8774 23
8775 9
8776 16
8777 16
8778 17
8779 6
8780 5
8781 15
8782 13
8783 11
8784 12
8785 16
8786 6
8787 7
8788 24
8789 16
8790 6
8791 26
8792 6
8793 13
8794 8
8795 5
8796 20
8797 8
8798 1
8799 9
8800 19
8801 12
8802 20
8803 14
8804 23
8805 22
8806 17
8807 5
8808 2
8809 9
8810 2
8811 16
8812 9
8813 5
8814 13
8815 13
8816 15
8817 6
8818 12
8819 6
8820 3
8821 12
8822 18
8823 2
8824 9
8825 18
8826 21
8827 1
8828 6
8829 9
8830 19
8831 21
8832 7
8833 2
8834 2
8835 3
8836 10
8837 15
8838 10
8839 3
8840 3
8841 15
8842 1
8843 17
8844 24
8845 24
8846 12
8847 12
8848 11
8849 20
8850 2
8851 24
8852 1
8853 23
8854 4
8855 12
8856 16
8857 12
8858 13
8859 11
8860 14
8861 4
8862 1
8863 31
8864 13
8865 2
8866 18
8867 11
8868 10
8869 19
8870 33
8871 1
8872 13
8873 10
8874 14
8875 9
8876 4
8877 3
8878 20
8879 12
8880 20
8881 4
8882 7
8883 13
8884 7
8885 9
8886 7
8887 13
8888 15
8889 24
8890 23
8891 7
8892 4
8893 11
8894 16
8895 14
8896 10
8897 20
8898 2
8899 9
8900 17
8901 13
8902 2
8903 12
8904 20
8905 14
8906 4
8907 13
8908 7
8909 2
8910 16
8911 7
8912 1
8913 3
8914 5
8915 17
8916 8
8917 3
8918 5
8919 12
8920 10
8921 4
8922 7
8923 4
8924 1
8925 11
8926 8
8927 1
8928 14
8929 4
8930 5
8931 16
8932 5
8933 16
8934 7
8935 16
8936 14
8937 5
8938 15
8939 12
8940 17
8941 10
8942 6
8943 19
8944 2
8945 2
8946 11
8947 14
8948 16
8949 24
8950 16
8951 4
8952 19
8953 2
8954 17
8955 13
8956 14
8957 19
8958 13
8959 22
8960 15
8961 17
8962 7
8963 14
8964 5
8965 6
8966 2
8967 3
8968 9
8969 18
8970 20
8971 8
8972 1
8973 11
8974 16
8975 22
8976 11
8977 6
8978 28
8979 5
8980 10
8981 5
8982 11
8983 14
8984 5
8985 5
8986 16
8987 1
8988 10
8989 6
8990 4
8991 13
8992 2
8993 11
8994 10
8995 10
8996 10
8997 14
8998 6
8999 4
9000 17
9001 16
9002 10
9003 4
9004 1
9005 9
9006 5
9007 1
9008 4
9009 5
9010 1
9011 13
9012 17
9013 10
9014 13
9015 5
9016 14
9017 21
9018 3
9019 28
9020 10
9021 2
9022 6
9023 16
9024 2
9025 11
9026 23
9027 18
9028 6
9029 2
9030 11
9031 16
9032 10
9033 5
9034 7
9035 13
9036 11
9037 19
9038 12
9039 15
9040 8
9041 2
9042 10
9043 2
9044 2
9045 16
9046 8
9047 10
9048 3
9049 11
9050 12
9051 17
9052 11
9053 14
9054 15
9055 23
9056 7
9057 13
9058 10
9059 10
9060 19
9061 20
9062 6
9063 15
9064 8
9065 14
9066 24
9067 5
9068 11
9069 18
9070 4
9071 1
9072 2
9073 1
9074 25
9075 14
9076 5
9077 17
9078 13
9079 1
9080 13
9081 7
9082 5
9083 7
9084 1
9085 24
9086 10
9087 16
9088 1
9089 16
9090 5
9091 13
9092 15
9093 1
9094 15
9095 21
9096 10
9097 8
9098 21
9099 12
9100 15
9101 18
9102 14
9103 19
9104 11
9105 1
9106 10
9107 1
9108 13
9109 6
9110 11
9111 11
9112 17
9113 12
9114 6
9115 3
9116 1
9117 13
9118 27
9119 10
9120 15
9121 17
9122 3
9123 2
9124 8
9125 19
9126 2
9127 6
9128 3
9129 25
9130 7
9131 12
9132 19
9133 10
9134 12
9135 15
9136 26
9137 5
9138 5
9139 16
9140 9
9141 15
9142 19
9143 2
9144 25
9145 8
9146 10
9147 9
9148 6
9149 6
9150 5
9151 2
9152 1
9153 9
9154 15
9155 23
9156 9
9157 2
9158 15
9159 6
9160 3
9161 12
9162 8
9163 18
9164 22
9165 13
9166 2
9167 17
9168 11
9169 12
9170 19
9171 20
9172 13
9173 12
9174 12
9175 6
9176 2
9177 12
9178 1
9179 3
9180 18
9181 23
9182 4
9183 17
9184 7
9185 8
9186 1
9187 19
9188 9
9189 10
9190 1
9191 7
9192 18
9193 9
9194 19
9195 6
9196 14
9197 22
9198 18
9199 4
9200 17
9201 15
9202 23
9203 20
9204 16
9205 7
9206 10
9207 26
9208 11
9209 2
9210 4
9211 11
9212 13
9213 8
9214 17
9215 12
9216 1
9217 13
9218 13
9219 9
9220 14
9221 21
9222 18
9223 12
9224 3
9225 3
9226 1
9227 15
9228 11
9229 2
9230 20
9231 17
9232 4
9233 19
9234 20
9235 7
9236 10
9237 13
9238 9
9239 5
9240 8
9241 3
9242 16
9243 28
9244 15
9245 1
9246 9
9247 6
9248 10
9249 17
9250 4
9251 3
9252 5
9253 10
9254 6
9255 18
9256 14
9257 8
9258 6
9259 17
9260 11
9261 11
9262 12
9263 6
9264 16
9265 17
9266 8
9267 19
9268 17
9269 14
9270 3
9271 10
9272 2
9273 20
9274 18
9275 8
9276 6
9277 5
9278 18
9279 21
9280 15
9281 5
9282 15
9283 1
9284 9
9285 7
9286 7
9287 1
9288 3
9289 8
9290 5
9291 6
9292 15
9293 1
9294 6
9295 7
9296 11
9297 5
9298 9
9299 12
9300 13
9301 5
9302 17
9303 6
9304 23
9305 27
9306 19
9307 18
9308 16
9309 7
9310 20
9311 16
9312 13
9313 8
9314 5
9315 13
9316 3
9317 15
9318 17
9319 1
9320 11
9321 13
9322 10
9323 12
9324 12
9325 11
9326 12
9327 4
9328 10
9329 19
9330 6
9331 9
9332 12
9333 1
9334 1
9335 1
9336 4
9337 14
9338 1
9339 20
9340 5
9341 18
9342 15
9343 24
9344 20
9345 18
9346 15
9347 17
9348 20
9349 1
9350 15
9351 15
9352 10
9353 20
9354 19
9355 19
9356 9
9357 15
9358 9
9359 8
9360 1
9361 14
9362 2
9363 25
9364 9
9365 13
9366 11
9367 4
9368 9
9369 8
9370 6
9371 10
9372 11
9373 1
9374 2
9375 8
9376 6
9377 18
9378 11
9379 1
9380 13
9381 8
9382 9
9383 8
9384 6
9385 9
9386 17
9387 4
9388 5
9389 11
9390 22
9391 21
9392 11
9393 2
9394 5
9395 9
9396 6
9397 6
9398 12
9399 14
9400 4
9401 1
9402 7
9403 2
9404 17
9405 13
9406 1
9407 5
9408 5
9409 4
9410 15
9411 17
9412 10
9413 9
9414 3
9415 12
9416 10
9417 4
9418 2
9419 21
9420 1
9421 11
9422 3
9423 5
9424 18
9425 2
9426 10
9427 9
9428 4
9429 6
9430 9
9431 9
9432 20
9433 12
9434 14
9435 18
9436 4
9437 6
9438 10
9439 13
9440 20
9441 4
9442 4
9443 4
9444 2
9445 8
9446 13
9447 7
9448 6
9449 12
9450 6
9451 3
9452 3
9453 8
9454 22
9455 13
9456 18
9457 7
9458 7
9459 9
9460 11
9461 10
9462 7
9463 25
9464 12
9465 5
9466 18
9467 9
9468 17
9469 20
9470 1
9471 13
9472 15
9473 7
9474 1
9475 9
9476 18
9477 5
9478 8
9479 12
9480 19
9481 16
9482 6
9483 19
9484 3
9485 1
9486 1
9487 11
9488 20
9489 6
9490 9
9491 24
9492 10
9493 18
9494 18
9495 6
9496 2
9497 20
9498 16
9499 16
9500 2
9501 9
9502 3
9503 1
9504 14
9505 13
9506 20
9507 15
9508 22
9509 9
9510 10
9511 8
9512 10
9513 9
9514 12
9515 1
9516 13
9517 14
9518 14
9519 16
9520 17
9521 23
9522 11
9523 14
9524 22
9525 4
9526 17
9527 17
9528 10
9529 14
9530 6
9531 1
9532 1
9533 10
9534 11
9535 1
9536 1
9537 7
9538 26
9539 11
9540 24
9541 7
9542 7
9543 19
9544 9
9545 4
9546 15
9547 21
9548 8
9549 17
9550 21
9551 2
9552 2
9553 6
9554 10
9555 2
9556 8
9557 5
9558 15
9559 6
9560 10
9561 16
9562 6
9563 1
9564 4
9565 8
9566 7
9567 6
9568 11
9569 16
9570 20
9571 9
9572 5
9573 21
9574 6
9575 7
9576 5
9577 15
9578 15
9579 4
9580 14
9581 15
9582 16
9583 12
9584 2
9585 5
9586 16
9587 11
9588 18
9589 7
9590 5
9591 10
9592 6
9593 14
9594 24
9595 19
9596 4
9597 6
9598 17
9599 4
9600 2
9601 18
9602 10
9603 17
9604 5
9605 20
9606 18
9607 5
9608 16
9609 13
9610 11
9611 4
9612 14
9613 2
9614 22
9615 18
9616 15
9617 16
9618 24
9619 3
9620 9
9621 7
9622 5
9623 2
9624 5
9625 9
9626 10
9627 21
9628 2
9629 18
9630 4
9631 4
9632 10
9633 19
9634 16
9635 9
9636 14
9637 22
9638 18
9639 5
9640 13
9641 10
9642 4
9643 1
9644 19
9645 19
9646 12
9647 14
9648 10
9649 10
9650 13
9651 17
9652 8
9653 1
9654 10
9655 8
9656 5
9657 4
9658 1
9659 19
9660 28
9661 8
9662 23
9663 4
9664 12
9665 4
9666 3
9667 5
9668 7
9669 13
9670 3
9671 4
9672 14
9673 13
9674 23
9675 3
9676 17
9677 14
9678 22
9679 3
9680 11
9681 19
9682 23
9683 7
9684 15
9685 8
9686 15
9687 4
9688 7
9689 7
9690 15
9691 6
9692 10
9693 13
9694 12
9695 2
9696 8
9697 13
9698 22
9699 7
9700 16
9701 20
9702 10
9703 8
9704 7
9705 13
9706 7
9707 1
9708 6
9709 16
9710 19
9711 1
9712 7
9713 27
9714 5
9715 2
9716 11
9717 6
9718 12
9719 10
9720 3
9721 10
9722 15
9723 20
9724 5
9725 4
9726 8
9727 1
9728 16
9729 11
9730 3
9731 9
9732 28
9733 5
9734 18
9735 13
9736 4
9737 16
9738 12
9739 17
9740 33
9741 10
9742 5
9743 13
9744 11
9745 4
9746 7
9747 11
9748 12
9749 1
9750 2
9751 3
9752 6
9753 10
9754 2
9755 4
9756 3
9757 14
9758 16
9759 15
9760 5
9761 8
9762 13
9763 4
9764 12
9765 7
9766 5
9767 5
9768 8
9769 17
9770 23
9771 12
9772 2
9773 4
9774 16
9775 12
9776 23
9777 8
9778 8
9779 4
9780 2
9781 29
9782 18
9783 11
9784 10
9785 1
9786 1
9787 3
9788 7
9789 4
9790 12
9791 1
9792 16
9793 15
9794 2
9795 4
9796 20
9797 12
9798 1
9799 16
9800 10
9801 24
9802 23
9803 6
9804 5
9805 10
9806 19
9807 13
9808 9
9809 6
9810 21
9811 13
9812 13
9813 3
9814 17
9815 3
9816 9
9817 17
9818 20
9819 17
9820 5
9821 15
9822 6
9823 7
9824 10
9825 7
9826 2
9827 2
9828 2
9829 15
9830 13
9831 14
9832 13
9833 1
9834 6
9835 17
9836 20
9837 4
9838 1
9839 8
9840 2
9841 20
9842 6
9843 10
9844 16
9845 4
9846 10
9847 13
9848 14
9849 5
9850 20
9851 9
9852 17
9853 7
9854 11
9855 6
9856 10
9857 14
9858 10
9859 4
9860 19
9861 2
9862 5
9863 10
9864 10
9865 20
9866 12
9867 15
9868 4
9869 4
9870 17
9871 10
9872 16
9873 14
9874 17
9875 17
9876 7
9877 9
9878 7
9879 15
9880 9
9881 9
9882 8
9883 1
9884 4
9885 9
9886 10
9887 9
9888 25
9889 18
9890 4
9891 5
9892 19
9893 2
9894 16
9895 18
9896 7
9897 10
9898 6
9899 4
9900 31
9901 8
9902 9
9903 7
9904 15
9905 15
9906 13
9907 11
9908 7
9909 18
9910 11
9911 8
9912 9
9913 15
9914 19
9915 12
9916 10
9917 6
9918 20
9919 21
9920 15
9921 21
9922 2
9923 19
9924 5
9925 14
9926 13
9927 14
9928 7
9929 8
9930 5
9931 12
9932 17
9933 10
9934 12
9935 15
9936 11
9937 22
9938 14
9939 9
9940 13
9941 20
9942 22
9943 2
9944 10
9945 5
9946 13
9947 17
9948 24
9949 18
9950 9
9951 1
9952 28
9953 4
9954 12
9955 19
9956 5
9957 2
9958 11
9959 2
9960 19
9961 18
9962 8
9963 16
9964 5
9965 16
9966 8
9967 6
9968 17
9969 13
9970 22
9971 25
9972 29
9973 7
9974 3
9975 20
9976 10
9977 20
9978 13
9979 5
9980 8
9981 11
9982 5
9983 3
9984 2
9985 13
9986 9
9987 12
9988 7
9989 10
9990 12
9991 9
9992 17
9993 3
9994 18
9995 13
9996 22
9997 16
9998 12
9999 1
