0 5
1 11
2 9
3 14
4 12
5 24
6 16
7 13
8 13
9 8
10 20
11 1
12 16
13 12
14 6
15 10
16 12
17 5
18 1
19 5
20 17
21 13
22 17
23 4
24 5
25 4
26 16
27 22
28 18
29 11
30 1
31 4
32 17
33 3
34 6
35 12
36 7
37 23
38 9
39 6
40 16
41 11
42 8
43 1
44 5
45 5
46 15
47 9
48 19
49 6
50 10
51 19
52 17
53 9
54 4
55 25
56 6
57 16
58 1
59 11
60 14
61 25
62 3
63 18
64 5
65 9
66 6
67 2
68 14
69 23
70 1
71 15
72 14
73 4
74 13
75 1
76 9
77 19
78 17
79 6
80 4
81 16
82 13
83 19
84 7
85 2
86 15
87 16
88 7
89 20
90 20
91 18
92 13
93 4
94 12
95 22
96 9
97 11
98 7
99 3
100 5
101 10
102 13
103 23
104 8
105 4
106 16
107 2
108 8
109 4
110 1
111 13
112 17
113 3
114 17
115 17
116 6
117 18
118 4
119 3
120 17
121 21
122 24
123 17
124 7
125 5
126 6
127 5
128 14
129 6
130 1
131 8
132 6
133 18
134 11
135 10
136 16
137 13
138 9
139 1
140 11
141 17
142 20
143 1
144 10
145 12
146 11
147 20
148 10
149 8
150 9
151 11
152 22
153 2
154 17
155 7
156 12
157 7
158 20
159 19
160 7
161 2
162 10
163 15
164 16
165 16
166 1
167 17
168 16
169 11
170 7
171 9
172 2
173 9
174 3
175 16
176 21
177 16
178 10
179 9
180 10
181 6
182 2
183 10
184 8
185 7
186 19
187 10
188 9
189 9
190 8
191 12
192 6
193 10
194 1
195 5
196 5
197 6
198 23
199 23
200 21
201 17
202 25
203 6
204 19
205 13
206 1
207 23
208 7
209 9
210 5
211 9
212 15
213 6
214 18
215 12
216 10
217 7
218 1
219 9
220 9
221 10
222 18
223 20
224 21
225 17
226 3
227 16
228 7
229 10
230 16
231 11
232 14
233 10
234 9
235 13
236 10
237 5
238 1
239 17
240 18
241 4
242 14
243 18
244 6
245 22
246 5
247 1
248 17
249 18
250 19
251 4
252 27
253 4
254 15
255 9
256 16
257 7
258 8
259 3
260 20
261 12
262 5
263 4
264 10
265 20
266 11
267 14
268 3
269 7
270 15
271 4
272 18
273 2
274 11
275 4
276 5
277 11
278 8
279 19
280 14
281 1
282 27
283 19
284 15
285 25
286 4
287 4
288 15
289 3
290 1
291 9
292 11
293 2
294 22
295 14
296 14
297 12
298 10
299 13
300 8
301 21
302 2
303 16
304 3
305 14
306 6
307 9
308 2
309 12
310 19
311 26
312 4
313 28
314 7
315 3
316 13
317 6
318 4
319 7
320 7
321 1
322 2
323 1
324 9
325 12
326 8
327 17
328 26
329 5
330 8
331 21
332 13
333 9
334 7
335 18
336 16
337 17
338 5
339 4
340 1
341 10
342 22
343 13
344 2
345 11
346 12
347 21
348 15
349 26
350 9
351 10
352 12
353 1
354 20
355 10
356 16
357 2
358 11
359 24
360 8
361 12
362 10
363 10
364 22
365 11
366 12
367 19
368 11
369 6
370 22
371 17
372 17
373 6
374 8
375 2
376 5
377 7
378 10
379 16
380 13
381 9
382 5
383 10
384 3
385 21
386 13
387 3
388 1
389 4
390 11
391 2
392 11
393 13
394 21
395 2
396 7
397 18
398 4
399 12
400 8
401 1
402 7
403 19
404 14
405 19
406 11
407 5
408 14
409 18
410 2
411 16
412 10
413 10
414 15
415 2
416 20
417 14
418 11
419 8
420 15
421 1
422 14
423 7
424 15
425 3
426 6
427 16
428 13
429 16
430 7
431 20
432 19
433 16
434 11
435 10
436 16
437 18
438 6
439 13
440 4
441 9
442 12
443 6
444 7
445 15
446 16
447 2
448 17
449 3
450 8
451 9
452 10
453 11
454 1
455 16
456 11
457 11
458 16
459 7
460 9
461 10
462 10
463 7
464 1
465 12
466 8
467 7
468 1
469 16
470 9
471 5
472 1
473 19
474 14
475 16
476 3
477 15
478 1
479 12
480 17
481 13
482 6
483 7
484 3
485 23
486 17
487 16
488 14
489 6
490 5
491 9
492 5
493 5
494 11
495 18
496 2
497 5
498 19
499 8
500 10
501 10
502 10
503 11
504 10
505 17
506 11
507 10
508 7
509 1
510 14
511 19
512 3
513 4
514 4
515 4
516 13
517 10
518 8
519 14
520 13
521 5
522 13
523 12
524 8
525 4
526 13
527 12
528 8
529 13
530 4
531 2
532 11
533 4
534 1
535 3
536 3
537 14
538 1
539 20
540 4
541 23
542 5
543 8
544 10
545 16
546 11
547 21
548 18
549 8
550 12
551 14
552 19
553 9
554 7
555 22
556 7
557 6
558 8
559 5
560 17
561 5
562 14
563 5
564 1
565 1
566 6
567 1
568 5
569 16
570 4
571 22
572 13
573 5
574 24
575 11
576 11
577 6
578 2
579 6
580 7
581 16
582 15
583 10
584 9
585 6
586 21
587 6
588 16
589 2
590 7
591 17
592 4
593 13
594 25
595 19
596 5
597 17
598 1
599 14
600 9
601 18
602 18
603 3
604 21
605 9
606 6
607 13
608 11
609 32
610 21
611 19
612 12
613 3
614 13
615 11
616 15
617 5
618 10
619 16
620 15
621 2
622 12
623 17
624 7
625 10
626 24
627 6
628 16
629 11
630 15
631 8
632 5
633 5
634 6
635 5
636 11
637 1
638 14
639 7
640 10
641 13
642 31
643 21
644 20
645 3
646 13
647 8
648 20
649 18
650 8
651 3
652 11
653 13
654 1
655 15
656 13
657 10
658 18
659 11
660 17
661 15
662 6
663 10
664 9
665 9
666 6
667 9
668 16
669 1
670 12
671 5
672 3
673 7
674 8
675 8
676 13
677 6
678 16
679 12
680 22
681 10
682 22
683 12
684 8
685 10
686 5
687 17
688 23
689 16
690 19
691 14
692 12
693 13
694 6
695 13
696 20
697 18
698 9
699 10
700 16
701 2
702 4
703 17
704 16
705 16
706 2
707 8
708 21
709 1
710 15
711 14
712 17
713 17
714 3
715 3
716 3
717 3
718 3
719 8
720 17
721 11
722 3
723 21
724 5
725 19
726 21
727 6
728 19
729 11
730 10
731 7
732 3
733 2
734 13
735 17
736 6
737 12
738 6
739 3
740 17
741 16
742 9
743 3
744 2
745 10
746 12
747 7
748 4
749 20
750 17
751 15
752 1
753 8
754 3
755 19
756 14
757 6
758 23
759 1
760 20
761 11
762 5
763 13
764 5
765 22
766 19
767 9
768 22
769 2
770 16
771 10
772 2
773 10
774 16
775 21
776 9
777 10
778 30
779 8
780 12
781 5
782 6
783 6
784 4
785 11
786 16
787 10
788 17
789 26
790 11
791 22
792 1
793 9
794 13
795 7
796 5
797 17
798 11
799 8
800 16
801 14
802 13
803 1
804 2
805 9
806 7
807 4
808 19
809 14
810 9
811 14
812 5
813 13
814 20
815 7
816 3
817 17
818 10
819 9
820 7
821 6
822 17
823 5
824 20
825 8
826 15
827 29
828 21
829 11
830 7
831 9
832 16
833 9
834 11
835 3
836 15
837 20
838 11
839 9
840 12
841 4
842 9
843 20
844 22
845 2
846 26
847 13
848 19
849 18
850 11
851 5
852 21
853 18
854 1
855 16
856 10
857 5
858 14
859 15
860 5
861 2
862 2
863 6
864 7
865 7
866 22
867 2
868 2
869 20
870 5
871 7
872 8
873 2
874 23
875 3
876 3
877 9
878 15
879 2
880 10
881 8
882 17
883 14
884 20
885 1
886 20
887 18
888 3
889 15
890 9
891 11
892 16
893 6
894 10
895 8
896 13
897 19
898 18
899 10
900 21
901 14
902 2
903 12
904 19
905 23
906 14
907 19
908 1
909 6
910 6
911 24
912 8
913 5
914 9
915 9
916 12
917 9
918 13
919 5
920 1
921 7
922 18
923 10
924 7
925 5
926 24
927 21
928 3
929 5
930 25
931 8
932 17
933 1
934 6
935 14
936 20
937 6
938 10
939 7
940 16
941 4
942 18
943 22
944 2
945 10
946 14
947 2
948 10
949 15
950 19
951 9
952 15
953 24
954 12
955 5
956 5
957 15
958 14
959 9
960 7
961 18
962 8
963 4
964 10
965 14
966 12
967 7
968 7
969 11
970 8
971 28
972 3
973 17
974 11
975 4
976 3
977 4
978 18
979 8
980 3
981 10
982 10
983 24
984 16
985 9
986 23
987 10
988 14
989 4
990 2
991 4
992 3
993 7
994 12
995 4
996 6
997 17
998 3
999 5
1000 10
1001 3
1002 19
1003 17
1004 14
1005 13
1006 1
1007 14
1008 1
1009 16
1010 17
1011 5
1012 7
1013 4
1014 2
1015 2
1016 3
1017 14
1018 11
1019 1
1020 2
1021 3
1022 10
1023 13
1024 18
1025 13
1026 23
1027 27
1028 14
1029 9
1030 14
1031 1
1032 1
1033 2
1034 13
1035 1
1036 11
1037 2
1038 9
1039 3
1040 14
1041 3
1042 11
1043 10
1044 5
1045 7
1046 7
1047 12
1048 2
1049 3
1050 14
1051 15
1052 9
1053 8
1054 18
1055 8
1056 7
1057 1
1058 2
1059 9
1060 17
1061 2
1062 13
1063 4
1064 22
1065 26
1066 4
1067 31
1068 12
1069 11
1070 23
1071 5
1072 7
1073 11
1074 21
1075 1
1076 16
1077 14
1078 11
1079 7
1080 1
1081 17
1082 8
1083 9
1084 8
1085 3
1086 20
1087 4
1088 15
1089 10
1090 2
1091 6
1092 21
1093 26
1094 27
1095 9
1096 23
1097 8
1098 3
1099 9
1100 4
1101 16
1102 20
1103 24
1104 6
1105 1
1106 6
1107 11
1108 13
1109 1
1110 20
1111 24
1112 12
1113 11
1114 22
1115 3
1116 20
1117 6
1118 4
1119 1
1120 1
1121 3
1122 21
1123 27
1124 25
1125 18
1126 16
1127 4
1128 15
1129 12
1130 7
1131 1
1132 4
1133 7
1134 15
1135 14
1136 9
1137 16
1138 14
1139 15
1140 8
1141 8
1142 1
1143 3
1144 8
1145 19
1146 5
1147 3
1148 4
1149 6
1150 9
1151 8
1152 8
1153 1
1154 15
1155 17
1156 9
1157 4
1158 15
1159 11
1160 4
1161 12
1162 10
1163 21
1164 3
1165 5
1166 8
1167 17
1168 19
1169 12
1170 2
1171 12
1172 11
1173 4
1174 4
1175 9
1176 8
1177 8
1178 18
1179 17
1180 19
1181 6
1182 18
1183 16
1184 14
1185 4
1186 1
1187 9
1188 6
1189 9
1190 21
1191 15
1192 14
1193 15
1194 7
1195 12
1196 2
1197 14
1198 15
1199 24
1200 11
1201 13
1202 9
1203 15
1204 25
1205 8
1206 9
1207 11
1208 11
1209 11
1210 15
1211 15
1212 16
1213 11
1214 21
1215 12
1216 16
1217 22
1218 1
1219 19
1220 8
1221 16
1222 23
1223 7
1224 11
1225 1
1226 6
1227 17
1228 15
1229 18
1230 2
1231 3
1232 16
1233 11
1234 8
1235 9
1236 14
1237 13
1238 22
1239 13
1240 14
1241 5
1242 6
1243 16
1244 3
1245 11
1246 18
1247 9
1248 15
1249 4
1250 19
1251 1
1252 16
1253 24
1254 4
1255 3
1256 19
1257 6
1258 22
1259 5
1260 6
1261 15
1262 11
1263 3
1264 6
1265 21
1266 14
1267 14
1268 13
1269 5
1270 1
1271 7
1272 8
1273 10
1274 17
1275 22
1276 13
1277 6
1278 14
1279 10
1280 4
1281 9
1282 4
1283 8
1284 7
1285 5
1286 1
1287 13
1288 10
1289 16
1290 16
1291 15
1292 15
1293 4
1294 3
1295 14
1296 2
1297 9
1298 19
1299 14
1300 15
1301 15
1302 15
1303 8
1304 2
1305 9
1306 32
1307 15
1308 19
1309 5
1310 7
1311 15
1312 14
1313 21
1314 24
1315 4
1316 4
1317 5
1318 9
1319 12
1320 12
1321 11
1322 11
1323 10
1324 12
1325 1
1326 16
1327 4
1328 3
1329 4
1330 18
1331 7
1332 4
1333 3
1334 9
1335 8
1336 5
1337 5
1338 13
1339 5
1340 19
1341 14
1342 7
1343 3
1344 12
1345 20
1346 11
1347 12
1348 5
1349 16
1350 13
1351 5
1352 6
1353 10
1354 25
1355 16
1356 17
1357 13
1358 9
1359 12
1360 8
1361 15
1362 10
1363 18
1364 8
1365 9
1366 9
1367 19
1368 4
1369 7
1370 16
1371 10
1372 3
1373 7
1374 24
1375 4
1376 2
1377 13
1378 16
1379 11
1380 13
1381 2
1382 14
1383 1
1384 14
1385 5
1386 10
1387 5
1388 20
1389 18
1390 11
1391 11
1392 4
1393 1
1394 11
1395 4
1396 4
1397 15
1398 5
1399 15
1400 4
1401 7
1402 9
1403 6
1404 12
1405 25
1406 14
1407 23
1408 12
1409 11
1410 3
1411 9
1412 10
1413 5
1414 19
1415 8
1416 17
1417 8
1418 9
1419 1
1420 3
1421 16
1422 8
1423 13
1424 11
1425 12
1426 12
1427 2
1428 3
1429 12
1430 14
1431 6
1432 13
1433 13
1434 23
1435 4
1436 13
1437 2
1438 9
1439 13
1440 2
1441 16
1442 7
1443 3
1444 15
1445 9
1446 16
1447 6
1448 12
1449 11
1450 16
1451 18
1452 13
1453 9
1454 10
1455 5
1456 19
1457 6
1458 14
1459 4
1460 13
1461 23
1462 4
1463 26
1464 14
1465 2
1466 6
1467 14
1468 3
1469 17
1470 11
1471 9
1472 1
1473 14
1474 25
1475 16
1476 7
1477 9
1478 4
1479 1
1480 1
1481 1
1482 7
1483 6
1484 7
1485 12
1486 20
1487 12
1488 18
1489 19
1490 26
1491 3
1492 21
1493 19
1494 11
1495 5
1496 10
1497 10
1498 16
1499 2
1500 4
1501 17
1502 17
1503 12
1504 11
1505 3
1506 10
1507 20
1508 2
1509 18
1510 11
1511 20
1512 14
1513 3
1514 9
1515 13
1516 16
1517 5
1518 18
1519 8
1520 11
1521 8
1522 19
1523 3
1524 9
1525 19
1526 7
1527 16
1528 2
1529 8
1530 5
1531 3
1532 16
1533 4
1534 10
1535 8
1536 7
1537 6
1538 11
1539 5
1540 22
1541 4
1542 15
1543 17
1544 19
1545 9
1546 20
1547 6
1548 9
1549 2
1550 13
1551 13
1552 17
1553 15
1554 5
1555 18
1556 7
1557 24
1558 7
1559 8
1560 27
1561 23
1562 15
1563 2
1564 7
1565 10
1566 12
1567 12
1568 4
1569 15
1570 14
1571 9
1572 14
1573 18
1574 5
1575 1
1576 11
1577 17
1578 21
1579 7
1580 7
1581 15
1582 22
1583 12
1584 3
1585 19
1586 11
1587 17
1588 4
1589 3
1590 4
1591 10
1592 11
1593 19
1594 11
1595 12
1596 4
1597 13
1598 20
1599 14
1600 3
1601 20
1602 7
1603 9
1604 5
1605 18
1606 13
1607 3
1608 10
1609 19
1610 3
1611 6
1612 1
1613 18
1614 8
1615 1
1616 7
1617 24
1618 11
1619 20
1620 18
1621 9
1622 10
1623 3
1624 12
1625 20
1626 6
1627 4
1628 13
1629 3
1630 13
1631 13
1632 8
1633 14
1634 9
1635 21
1636 2
1637 4
1638 9
1639 6
1640 15
1641 2
1642 2
1643 4
1644 17
1645 3
1646 16
1647 15
1648 12
1649 8
1650 17
1651 13
1652 5
1653 10
1654 9
1655 13
1656 10
1657 1
1658 8
1659 15
1660 18
1661 21
1662 26
1663 4
1664 19
1665 9
1666 8
1667 18
1668 12
1669 4
1670 4
1671 3
1672 8
1673 10
1674 11
1675 14
1676 4
1677 16
1678 6
1679 6
1680 17
1681 1
1682 21
1683 9
1684 1
1685 3
1686 17
1687 3
1688 6
1689 17
1690 1
1691 7
1692 6
1693 15
1694 1
1695 2
1696 20
1697 1
1698 10
1699 3
1700 13
1701 3
1702 9
1703 6
1704 10
1705 4
1706 27
1707 5
1708 12
1709 18
1710 2
1711 9
1712 23
1713 5
1714 2
1715 12
1716 7
1717 23
1718 1
1719 16
1720 9
1721 28
1722 16
1723 17
1724 16
1725 8
1726 7
1727 12
1728 7
1729 21
1730 8
1731 11
1732 1
1733 1
1734 20
1735 25
1736 11
1737 20
1738 10
1739 11
1740 4
1741 12
1742 2
1743 8
1744 3
1745 1
1746 14
1747 9
1748 8
1749 21
1750 7
1751 17
1752 24
1753 16
1754 4
1755 21
1756 14
1757 11
1758 3
1759 5
1760 20
1761 11
1762 7
1763 5
1764 14
1765 6
1766 12
1767 5
1768 14
1769 13
1770 14
1771 14
1772 4
1773 7
1774 9
1775 11
1776 16
1777 16
1778 11
1779 17
1780 6
1781 27
1782 14
1783 21
1784 4
1785 2
1786 14
1787 12
1788 9
1789 6
1790 6
1791 8
1792 4
1793 11
1794 9
1795 1
1796 7
1797 18
1798 9
1799 10
1800 12
1801 11
1802 3
1803 3
1804 15
1805 3
1806 15
1807 14
1808 18
1809 9
1810 9
1811 9
1812 6
1813 11
1814 9
1815 5
1816 10
1817 8
1818 13
1819 14
1820 17
1821 13
1822 4
1823 17
1824 4
1825 8
1826 1
1827 3
1828 13
1829 1
1830 13
1831 6
1832 14
1833 1
1834 12
1835 9
1836 24
1837 1
1838 8
1839 13
1840 2
1841 6
1842 3
1843 3
1844 1
1845 11
1846 16
1847 15
1848 12
1849 7
1850 1
1851 10
1852 16
1853 15
1854 9
1855 12
1856 5
1857 10
1858 1
1859 19
1860 20
1861 5
1862 15
1863 15
1864 11
1865 15
1866 9
1867 6
1868 12
1869 9
1870 10
1871 20
1872 21
1873 11
1874 14
1875 9
1876 6
1877 16
1878 12
1879 10
1880 21
1881 12
1882 14
1883 13
1884 11
1885 1
1886 2
1887 14
1888 14
1889 7
1890 6
1891 4
1892 7
1893 9
1894 4
1895 7
1896 12
1897 4
1898 1
1899 9
1900 3
1901 14
1902 12
1903 13
1904 4
1905 14
1906 5
1907 4
1908 14
1909 7
1910 1
1911 8
1912 1
1913 23
1914 14
1915 14
1916 8
1917 14
1918 8
1919 13
1920 15
1921 21
1922 8
1923 2
1924 7
1925 2
1926 3
1927 8
1928 28
1929 6
1930 8
1931 14
1932 13
1933 9
1934 11
1935 11
1936 10
1937 17
1938 10
1939 2
1940 6
1941 17
1942 2
1943 11
1944 18
1945 9
1946 9
1947 23
1948 11
1949 11
1950 11
1951 2
1952 13
1953 10
1954 3
1955 2
1956 21
1957 6
1958 20
1959 16
1960 6
1961 4
1962 8
1963 9
1964 5
1965 10
1966 1
1967 17
1968 3
1969 1
1970 7
1971 3
1972 10
1973 9
1974 8
1975 4
1976 3
1977 11
1978 9
1979 13
1980 1
1981 20
1982 15
1983 15
1984 16
1985 13
1986 11
1987 4
1988 3
1989 9
1990 16
1991 4
1992 15
1993 12
1994 2
1995 5
1996 1
1997 2
1998 10
1999 10
2000 3
2001 10
2002 4
2003 23
2004 10
2005 7
2006 9
2007 18
2008 6
2009 23
2010 12
2011 10
2012 17
2013 10
2014 6
2015 5
2016 3
2017 14
2018 16
2019 2
2020 4
2021 11
2022 14
2023 26
2024 8
2025 7
2026 4
2027 2
2028 6
2029 12
2030 9
2031 13
2032 14
2033 11
2034 14
2035 2
2036 17
2037 19
2038 14
2039 15
2040 16
2041 5
2042 11
2043 2
2044 14
2045 16
2046 5
2047 15
2048 14
2049 9
2050 2
2051 6
2052 7
2053 6
2054 2
2055 20
2056 17
2057 21
2058 6
2059 16
2060 8
2061 15
2062 9
2063 19
2064 7
2065 7
2066 15
2067 7
2068 22
2069 9
2070 6
2071 20
2072 6
2073 3
2074 11
2075 19
2076 15
2077 16
2078 2
2079 12
2080 1
2081 8
2082 2
2083 3
2084 15
2085 23
2086 4
2087 12
2088 2
2089 12
2090 7
2091 2
2092 11
2093 20
2094 14
2095 20
2096 2
2097 9
2098 9
2099 21
2100 5
2101 24
2102 9
2103 11
2104 1
2105 17
2106 14
2107 14
2108 18
2109 19
2110 9
2111 12
2112 24
2113 13
2114 14
2115 17
2116 4
2117 12
2118 4
2119 7
2120 27
2121 23
2122 6
2123 10
2124 7
2125 9
2126 6
2127 11
2128 12
2129 3
2130 4
2131 7
2132 3
2133 7
2134 8
2135 12
2136 4
2137 16
2138 17
2139 10
2140 14
2141 13
2142 13
2143 8
2144 2
2145 20
2146 7
2147 12
2148 6
2149 3
2150 13
2151 12
2152 12
2153 22
2154 1
2155 16
2156 17
2157 4
2158 3
2159 4
2160 7
2161 16
2162 6
2163 5
2164 7
2165 9
2166 12
2167 14
2168 13
2169 8
2170 14
2171 16
2172 25
2173 9
2174 3
2175 7
2176 2
2177 5
2178 14
2179 14
2180 16
2181 20
2182 9
2183 15
2184 11
2185 11
2186 14
2187 9
2188 16
2189 7
2190 16
2191 18
2192 22
2193 13
2194 21
2195 17
2196 3
2197 12
2198 1
2199 23
2200 10
2201 12
2202 21
2203 1
2204 13
2205 12
2206 21
2207 10
2208 17
2209 9
2210 4
2211 11
2212 1
2213 10
2214 14
2215 14
2216 11
2217 9
2218 9
2219 3
2220 5
2221 17
2222 7
2223 14
2224 23
2225 15
2226 6
2227 9
2228 4
2229 10
2230 2
2231 25
2232 3
2233 13
2234 6
2235 16
2236 12
2237 16
2238 9
2239 6
2240 9
2241 9
2242 8
2243 3
2244 15
2245 16
2246 13
2247 13
2248 12
2249 5
2250 17
2251 4
2252 19
2253 17
2254 5
2255 10
2256 5
2257 4
2258 5
2259 5
2260 13
2261 4
2262 5
2263 13
2264 10
2265 13
2266 4
2267 2
2268 9
2269 22
2270 24
2271 15
2272 7
2273 3
2274 7
2275 10
2276 15
2277 13
2278 21
2279 4
2280 14
2281 19
2282 8
2283 11
2284 24
2285 27
2286 7
2287 15
2288 15
2289 7
2290 6
2291 17
2292 21
2293 6
2294 4
2295 3
2296 21
2297 17
2298 12
2299 10
2300 9
2301 7
2302 23
2303 22
2304 1
2305 17
2306 13
2307 12
2308 5
2309 9
2310 6
2311 4
2312 11
2313 6
2314 9
2315 12
2316 13
2317 12
2318 13
2319 13
2320 4
2321 21
2322 8
2323 18
2324 8
2325 4
2326 9
2327 3
2328 16
2329 9
2330 12
2331 2
2332 10
2333 13
2334 7
2335 25
2336 7
2337 8
2338 10
2339 15
2340 3
2341 16
2342 21
2343 6
2344 2
2345 14
2346 15
2347 14
2348 8
2349 12
2350 12
2351 3
2352 12
2353 20
2354 19
2355 16
2356 12
2357 9
2358 2
2359 13
2360 9
2361 18
2362 13
2363 6
2364 8
2365 12
2366 4
2367 29
2368 1
2369 12
2370 13
2371 1
2372 11
2373 18
2374 12
2375 6
2376 10
2377 13
2378 4
2379 12
2380 1
2381 10
2382 12
2383 16
2384 25
2385 19
2386 11
2387 15
2388 3
2389 20
2390 16
2391 13
2392 25
2393 2
2394 10
2395 7
2396 4
2397 6
2398 13
2399 6
2400 14
2401 12
2402 19
2403 3
2404 10
2405 15
2406 4
2407 14
2408 3
2409 13
2410 4
2411 5
2412 9
2413 21
2414 7
2415 15
2416 1
2417 4
2418 8
2419 4
2420 5
2421 10
2422 4
2423 15
2424 13
2425 4
2426 4
2427 1
2428 1
2429 5
2430 16
2431 3
2432 14
2433 2
2434 4
2435 11
2436 15
2437 3
2438 4
2439 18
2440 14
2441 14
2442 18
2443 9
2444 7
2445 7
2446 11
2447 2
2448 7
2449 1
2450 2
2451 22
2452 10
2453 16
2454 5
2455 9
2456 9
2457 8
2458 18
2459 10
2460 17
2461 19
2462 3
2463 3
2464 15
2465 10
2466 7
2467 12
2468 8
2469 2
2470 12
2471 6
2472 3
2473 8
2474 23
2475 26
2476 3
2477 7
2478 20
2479 4
2480 22
2481 20
2482 5
2483 1
2484 13
2485 12
2486 7
2487 18
2488 17
2489 12
2490 5
2491 7
2492 18
2493 10
2494 1
2495 15
2496 15
2497 7
2498 13
2499 1
2500 5
2501 22
2502 23
2503 13
2504 4
2505 3
2506 8
2507 14
2508 12
2509 13
2510 14
2511 18
2512 13
2513 1
2514 5
2515 9
2516 19
2517 12
2518 16
2519 13
2520 3
2521 2
2522 13
2523 24
2524 6
2525 12
2526 16
2527 14
2528 17
2529 11
2530 4
2531 1
2532 11
2533 6
2534 1
2535 2
2536 22
2537 5
2538 24
2539 22
2540 8
2541 17
2542 4
2543 7
2544 2
2545 4
2546 7
2547 6
2548 21
2549 12
2550 14
2551 13
2552 17
2553 24
2554 6
2555 11
2556 9
2557 5
2558 2
2559 2
2560 9
2561 8
2562 10
2563 12
2564 11
2565 21
2566 9
2567 9
2568 22
2569 8
2570 1
2571 3
2572 7
2573 15
2574 14
2575 8
2576 14
2577 16
2578 19
2579 16
2580 10
2581 7
2582 15
2583 3
2584 9
2585 6
2586 6
2587 6
2588 13
2589 20
2590 1
2591 3
2592 10
2593 14
2594 15
2595 15
2596 29
2597 25
2598 14
2599 20
2600 14
2601 15
2602 11
2603 24
2604 17
2605 8
2606 8
2607 12
2608 25
2609 9
2610 9
2611 10
2612 23
2613 6
2614 2
2615 13
2616 9
2617 21
2618 17
2619 1
2620 10
2621 16
2622 6
2623 3
2624 16
2625 15
2626 16
2627 14
2628 10
2629 6
2630 9
2631 7
2632 14
2633 21
2634 12
2635 9
2636 7
2637 6
2638 13
2639 2
2640 17
2641 7
2642 1
2643 4
2644 8
2645 19
2646 3
2647 14
2648 22
2649 13
2650 6
2651 12
2652 13
2653 7
2654 10
2655 2
2656 8
2657 5
2658 15
2659 14
2660 2
2661 19
2662 18
2663 18
2664 22
2665 11
2666 16
2667 19
2668 3
2669 10
2670 17
2671 6
2672 12
2673 1
2674 18
2675 17
2676 26
2677 5
2678 10
2679 11
2680 8
2681 3
2682 2
2683 15
2684 13
2685 18
2686 20
2687 8
2688 19
2689 3
2690 6
2691 15
2692 21
2693 17
2694 6
2695 5
2696 16
2697 16
2698 1
2699 9
2700 1
2701 1
2702 3
2703 14
2704 2
2705 7
2706 1
2707 1
2708 12
2709 13
2710 16
2711 12
2712 2
2713 11
2714 15
2715 8
2716 2
2717 12
2718 2
2719 13
2720 13
2721 26
2722 13
2723 14
2724 4
2725 1
2726 15
2727 21
2728 12
2729 14
2730 4
2731 2
2732 10
2733 18
2734 1
2735 4
2736 3
2737 3
2738 5
2739 14
2740 16
2741 2
2742 16
2743 9
2744 8
2745 8
2746 4
2747 14
2748 15
2749 8
2750 16
2751 9
2752 16
2753 14
2754 9
2755 15
2756 11
2757 21
2758 24
2759 5
2760 19
2761 18
2762 2
2763 8
2764 9
2765 2
2766 8
2767 14
2768 7
2769 6
2770 11
2771 4
2772 4
2773 12
2774 9
2775 6
2776 8
2777 22
2778 15
2779 18
2780 18
2781 7
2782 14
2783 7
2784 4
2785 3
2786 20
2787 10
2788 18
2789 14
2790 15
2791 18
2792 6
2793 18
2794 17
2795 2
2796 28
2797 11
2798 17
2799 14
2800 12
2801 3
2802 7
2803 13
2804 4
2805 10
2806 3
2807 17
2808 5
2809 14
2810 22
2811 13
2812 8
2813 24
2814 18
2815 7
2816 19
2817 9
2818 8
2819 16
2820 7
2821 16
2822 5
2823 22
2824 15
2825 1
2826 5
2827 2
2828 18
2829 5
2830 13
2831 1
2832 7
2833 12
2834 1
2835 6
2836 5
2837 6
2838 29
2839 13
2840 12
2841 17
2842 2
2843 13
2844 9
2845 1
2846 3
2847 13
2848 13
2849 9
2850 4
2851 20
2852 12
2853 1
2854 13
2855 11
2856 7
2857 6
2858 5
2859 1
2860 3
2861 13
2862 11
2863 23
2864 4
2865 7
2866 16
2867 9
2868 25
2869 18
2870 2
2871 16
2872 1
2873 14
2874 12
2875 8
2876 18
2877 3
2878 11
2879 4
2880 9
2881 7
2882 2
2883 11
2884 1
2885 2
2886 9
2887 14
2888 7
2889 6
2890 6
2891 2
2892 2
2893 6
2894 5
2895 5
2896 10
2897 12
2898 5
2899 6
2900 8
2901 8
2902 6
2903 11
2904 22
2905 2
2906 1
2907 9
2908 2
2909 10
2910 17
2911 4
2912 15
2913 5
2914 12
2915 7
2916 20
2917 5
2918 24
2919 4
2920 12
2921 26
2922 9
2923 4
2924 10
2925 19
2926 17
2927 5
2928 23
2929 19
2930 19
2931 3
2932 2
2933 17
2934 15
2935 10
2936 4
2937 10
2938 7
2939 9
2940 18
2941 4
2942 12
2943 3
2944 1
2945 7
2946 12
2947 3
2948 3
2949 4
2950 2
2951 10
2952 9
2953 20
2954 8
2955 8
2956 15
2957 20
2958 14
2959 3
2960 16
2961 15
2962 10
2963 17
2964 5
2965 4
2966 10
2967 20
2968 9
2969 18
2970 7
2971 10
2972 5
2973 10
2974 22
2975 16
2976 13
2977 12
2978 16
2979 3
2980 4
2981 3
2982 10
2983 15
2984 9
2985 8
2986 12
2987 5
2988 13
2989 13
2990 2
2991 17
2992 10
2993 7
2994 2
2995 4
2996 11
2997 17
2998 16
2999 9
3000 15
3001 10
3002 8
3003 5
3004 1
3005 11
3006 15
3007 12
3008 9
3009 9
3010 17
3011 19
3012 17
3013 8
3014 10
3015 23
3016 1
3017 4
3018 4
3019 9
3020 4
3021 20
3022 3
3023 11
3024 16
3025 15
3026 1
3027 7
3028 15
3029 19
3030 4
3031 16
3032 1
3033 4
3034 17
3035 15
3036 7
3037 3
3038 3
3039 17
3040 11
3041 12
3042 9
3043 14
3044 16
3045 19
3046 11
3047 4
3048 18
3049 3
3050 17
3051 11
3052 4
3053 19
3054 3
3055 13
3056 11
3057 1
3058 14
3059 4
3060 9
3061 3
3062 23
3063 1
3064 2
3065 15
3066 16
3067 9
3068 9
3069 10
3070 3
3071 5
3072 16
3073 4
3074 10
3075 4
3076 7
3077 3
3078 19
3079 6
3080 6
3081 1
3082 10
3083 6
3084 12
3085 23
3086 19
3087 6
3088 11
3089 18
3090 9
3091 9
3092 7
3093 15
3094 11
3095 1
3096 3
3097 8
3098 16
3099 21
3100 9
3101 7
3102 16
3103 11
3104 10
3105 10
3106 15
3107 11
3108 15
3109 6
3110 3
3111 1
3112 9
3113 7
3114 12
3115 1
3116 1
3117 1
3118 9
3119 9
3120 20
3121 14
3122 3
3123 18
3124 2
3125 7
3126 14
3127 16
3128 31
3129 13
3130 2
3131 20
3132 10
3133 15
3134 10
3135 5
3136 5
3137 7
3138 7
3139 23
3140 13
3141 13
3142 7
3143 1
3144 5
3145 21
3146 15
3147 1
3148 2
3149 8
3150 5
3151 12
3152 1
3153 11
3154 9
3155 13
3156 21
3157 8
3158 5
3159 7
3160 3
3161 1
3162 13
3163 11
3164 3
3165 16
3166 12
3167 18
3168 3
3169 4
3170 16
3171 18
3172 13
3173 13
3174 2
3175 11
3176 4
3177 2
3178 5
3179 21
3180 10
3181 3
3182 3
3183 22
3184 15
3185 1
3186 11
3187 6
3188 4
3189 16
3190 11
3191 21
3192 12
3193 20
3194 9
3195 8
3196 4
3197 2
3198 15
3199 2
3200 6
3201 2
3202 21
3203 13
3204 3
3205 1
3206 13
3207 9
3208 10
3209 23
3210 10
3211 6
3212 7
3213 8
3214 1
3215 4
3216 8
3217 12
3218 10
3219 20
3220 4
3221 9
3222 12
3223 7
3224 21
3225 8
3226 21
3227 1
3228 9
3229 2
3230 12
3231 4
3232 16
3233 16
3234 2
3235 15
3236 17
3237 3
3238 1
3239 24
3240 6
3241 8
3242 3
3243 11
3244 7
3245 15
3246 10
3247 7
3248 14
3249 8
3250 25
3251 14
3252 4
3253 14
3254 3
3255 15
3256 16
3257 18
3258 25
3259 15
3260 4
3261 14
3262 9
3263 12
3264 8
3265 11
3266 10
3267 15
3268 2
3269 1
3270 14
3271 3
3272 16
3273 22
3274 12
3275 7
3276 18
3277 17
3278 1
3279 20
3280 8
3281 17
3282 20
3283 16
3284 6
3285 19
3286 20
3287 1
3288 22
3289 12
3290 15
3291 6
3292 1
3293 8
3294 2
3295 10
3296 16
3297 11
3298 14
3299 2
3300 5
3301 9
3302 14
3303 4
3304 19
3305 9
3306 7
3307 13
3308 19
3309 18
3310 13
3311 12
3312 23
3313 17
3314 9
3315 20
3316 3
3317 15
3318 19
3319 1
3320 23
3321 13
3322 6
3323 10
3324 6
3325 4
3326 13
3327 15
3328 9
3329 13
3330 4
3331 14
3332 5
3333 11
3334 15
3335 7
3336 12
3337 6
3338 19
3339 12
3340 10
3341 11
3342 11
3343 7
3344 11
3345 16
3346 15
3347 22
3348 3
3349 21
3350 7
3351 9
3352 11
3353 12
3354 7
3355 14
3356 15
3357 3
3358 17
3359 4
3360 5
3361 2
3362 8
3363 3
3364 11
3365 12
3366 4
3367 2
3368 1
3369 14
3370 1
3371 17
3372 11
3373 8
3374 13
3375 16
3376 2
3377 1
3378 17
3379 19
3380 12
3381 12
3382 18
3383 3
3384 20
3385 4
3386 18
3387 10
3388 3
3389 11
3390 5
3391 20
3392 5
3393 15
3394 7
3395 4
3396 10
3397 19
3398 22
3399 18
3400 16
3401 8
3402 17
3403 1
3404 7
3405 14
3406 14
3407 15
3408 1
3409 13
3410 7
3411 21
3412 16
3413 13
3414 1
3415 16
3416 3
3417 19
3418 18
3419 5
3420 7
3421 18
3422 15
3423 4
3424 12
3425 9
3426 9
3427 4
3428 22
3429 12
3430 20
3431 15
3432 4
3433 3
3434 1
3435 4
3436 2
3437 19
3438 13
3439 5
3440 10
3441 17
3442 9
3443 8
3444 12
3445 15
3446 1
3447 1
3448 2
3449 17
3450 16
3451 9
3452 4
3453 15
3454 5
3455 8
3456 3
3457 16
3458 18
3459 2
3460 7
3461 12
3462 2
3463 11
3464 3
3465 5
3466 13
3467 13
3468 32
3469 7
3470 11
3471 12
3472 11
3473 5
3474 1
3475 11
3476 1
3477 13
3478 2
3479 19
3480 4
3481 13
3482 8
3483 2
3484 15
3485 4
3486 17
3487 3
3488 13
3489 9
3490 2
3491 14
3492 11
3493 20
3494 8
3495 13
3496 2
3497 14
3498 16
3499 4
3500 16
3501 10
3502 4
3503 18
3504 11
3505 1
3506 3
3507 14
3508 4
3509 10
3510 14
3511 14
3512 8
3513 15
3514 20
3515 6
3516 16
3517 12
3518 7
3519 7
3520 3
3521 8
3522 13
3523 19
3524 20
3525 11
3526 10
3527 9
3528 8
3529 2
3530 3
3531 11
3532 1
3533 13
3534 16
3535 4
3536 6
3537 24
3538 18
3539 11
3540 18
3541 12
3542 9
3543 15
3544 21
3545 25
3546 20
3547 24
3548 8
3549 11
3550 9
3551 10
3552 1
3553 1
3554 11
3555 10
3556 1
3557 2
3558 3
3559 6
3560 16
3561 14
3562 19
3563 16
3564 6
3565 7
3566 9
3567 7
3568 19
3569 6
3570 4
3571 9
3572 12
3573 9
3574 5
3575 3
3576 15
3577 8
3578 2
3579 10
3580 12
3581 15
3582 19
3583 4
3584 19
3585 10
3586 15
3587 5
3588 15
3589 2
3590 5
3591 2
3592 10
3593 20
3594 3
3595 21
3596 1
3597 19
3598 11
3599 12
3600 15
3601 9
3602 15
3603 5
3604 16
3605 3
3606 21
3607 16
3608 8
3609 4
3610 10
3611 5
3612 18
3613 20
3614 9
3615 10
3616 2
3617 11
3618 19
3619 12
3620 10
3621 13
3622 4
3623 11
3624 17
3625 6
3626 13
3627 15
3628 3
3629 12
3630 2
3631 14
3632 22
3633 10
3634 16
3635 15
3636 13
3637 8
3638 2
3639 9
3640 19
3641 4
3642 21
3643 9
3644 16
3645 5
3646 12
3647 12
3648 11
3649 15
3650 1
3651 13
3652 7
3653 10
3654 5
3655 6
3656 1
3657 11
3658 3
3659 16
3660 16
3661 5
3662 16
3663 12
3664 12
3665 24
3666 14
3667 7
3668 2
3669 9
3670 13
3671 12
3672 3
3673 18
3674 5
3675 5
3676 8
3677 10
3678 8
3679 9
3680 10
3681 4
3682 2
3683 8
3684 13
3685 18
3686 8
3687 12
3688 15
3689 11
3690 10
3691 11
3692 10
3693 14
3694 11
3695 12
3696 11
3697 11
3698 15
3699 9
3700 4
3701 13
3702 6
3703 1
3704 5
3705 8
3706 5
3707 16
3708 1
3709 2
3710 17
3711 5
3712 2
3713 20
3714 14
3715 11
3716 5
3717 22
3718 9
3719 19
3720 11
3721 13
3722 7
3723 6
3724 18
3725 20
3726 13
3727 1
3728 11
3729 2
3730 25
3731 20
3732 6
3733 19
3734 10
3735 4
3736 16
3737 9
3738 8
3739 5
3740 19
3741 14
3742 17
3743 10
3744 4
3745 20
3746 5
3747 8
3748 4
3749 16
3750 12
3751 20
3752 8
3753 6
3754 6
3755 5
3756 3
3757 18
3758 11
3759 12
3760 8
3761 22
3762 18
3763 17
3764 16
3765 9
3766 10
3767 11
3768 5
3769 1
3770 14
3771 1
3772 8
3773 8
3774 15
3775 9
3776 14
3777 19
3778 18
3779 19
3780 3
3781 6
3782 15
3783 9
3784 17
3785 12
3786 14
3787 21
3788 12
3789 10
3790 13
3791 19
3792 6
3793 4
3794 18
3795 17
3796 4
3797 16
3798 19
3799 19
3800 1
3801 24
3802 3
3803 2
3804 17
3805 2
3806 10
3807 3
3808 6
3809 19
3810 12
3811 6
3812 13
3813 22
3814 4
3815 1
3816 9
3817 20
3818 3
3819 12
3820 7
3821 14
3822 26
3823 12
3824 4
3825 14
3826 14
3827 13
3828 15
3829 2
3830 3
3831 11
3832 10
3833 14
3834 16
3835 4
3836 10
3837 15
3838 20
3839 22
3840 16
3841 6
3842 9
3843 1
3844 11
3845 6
3846 9
3847 8
3848 12
3849 15
3850 11
3851 6
3852 8
3853 2
3854 12
3855 2
3856 13
3857 10
3858 7
3859 17
3860 4
3861 2
3862 12
3863 5
3864 24
3865 11
3866 8
3867 7
3868 3
3869 4
3870 15
3871 9
3872 15
3873 3
3874 15
3875 6
3876 17
3877 1
3878 24
3879 11
3880 7
3881 2
3882 10
3883 1
3884 15
3885 24
3886 16
3887 8
3888 1
3889 8
3890 1
3891 14
3892 13
3893 12
3894 16
3895 11
3896 7
3897 13
3898 12
3899 19
3900 9
3901 17
3902 18
3903 12
3904 2
3905 3
3906 1
3907 1
3908 13
3909 14
3910 6
3911 6
3912 18
3913 14
3914 25
3915 8
3916 8
3917 9
3918 8
3919 6
3920 9
3921 11
3922 10
3923 5
3924 11
3925 9
3926 16
3927 11
3928 13
3929 11
3930 25
3931 14
3932 11
3933 10
3934 4
3935 5
3936 7
3937 16
3938 6
3939 11
3940 5
3941 2
3942 4
3943 12
3944 5
3945 6
3946 12
3947 12
3948 4
3949 20
3950 18
3951 2
3952 15
3953 6
3954 15
3955 9
3956 9
3957 5
3958 16
3959 2
3960 10
3961 13
3962 24
3963 10
3964 16
3965 19
3966 11
3967 9
3968 13
3969 6
3970 9
3971 19
3972 7
3973 9
3974 7
3975 23
3976 7
3977 4
3978 16
3979 4
3980 11
3981 12
3982 16
3983 13
3984 16
3985 16
3986 15
3987 8
3988 12
3989 4
3990 2
3991 12
3992 14
3993 3
3994 7
3995 2
3996 15
3997 2
3998 17
3999 9
4000 16
4001 9
4002 8
4003 18
4004 19
4005 7
4006 20
4007 18
4008 13
4009 2
4010 13
4011 1
4012 2
4013 23
4014 18
4015 7
4016 16
4017 8
4018 6
4019 15
4020 8
4021 10
4022 1
4023 17
4024 16
4025 7
4026 15
4027 9
4028 19
4029 4
4030 9
4031 11
4032 19
4033 16
4034 18
4035 5
4036 19
4037 10
4038 9
4039 19
4040 5
4041 3
4042 14
4043 1
4044 11
4045 10
4046 6
4047 17
4048 17
4049 10
4050 9
4051 6
4052 19
4053 3
4054 15
4055 16
4056 10
4057 3
4058 16
4059 8
4060 15
4061 17
4062 11
4063 11
4064 6
4065 16
4066 11
4067 13
4068 1
4069 10
4070 14
4071 3
4072 10
4073 6
4074 11
4075 16
4076 5
4077 2
4078 5
4079 6
4080 4
4081 3
4082 16
4083 17
4084 4
4085 22
4086 8
4087 15
4088 17
4089 15
4090 11
4091 9
4092 19
4093 13
4094 7
4095 14
4096 20
4097 7
4098 3
4099 16
4100 13
4101 12
4102 8
4103 15
4104 6
4105 9
4106 5
4107 7
4108 3
4109 9
4110 18
4111 11
4112 7
4113 6
4114 15
4115 19
4116 13
4117 4
4118 17
4119 6
4120 12
4121 1
4122 3
4123 1
4124 16
4125 19
4126 9
4127 20
4128 5
4129 11
4130 8
4131 19
4132 11
4133 1
4134 15
4135 13
4136 2
4137 18
4138 8
4139 10
4140 13
4141 4
4142 18
4143 18
4144 9
4145 8
4146 1
4147 2
4148 16
4149 10
4150 2
4151 7
4152 13
4153 12
4154 8
4155 10
4156 4
4157 20
4158 8
4159 5
4160 9
4161 9
4162 16
4163 21
4164 2
4165 33
4166 9
4167 5
4168 20
4169 19
4170 12
4171 4
4172 2
4173 19
4174 6
4175 10
4176 7
4177 16
4178 13
4179 24
4180 11
4181 2
4182 5
4183 7
4184 12
4185 1
4186 6
4187 14
4188 10
4189 3
4190 3
4191 8
4192 9
4193 9
4194 5
4195 20
4196 1
4197 5
4198 10
4199 2
4200 2
4201 16
4202 22
4203 4
4204 19
4205 3
4206 3
4207 16
4208 23
4209 2
4210 15
4211 4
4212 6
4213 1
4214 6
4215 15
4216 4
4217 7
4218 14
4219 22
4220 1
4221 22
4222 2
4223 15
4224 1
4225 12
4226 13
4227 11
4228 21
4229 18
4230 27
4231 26
4232 15
4233 5
4234 9
4235 12
4236 14
4237 1
4238 3
4239 1
4240 4
4241 18
4242 3
4243 11
4244 17
4245 5
4246 11
4247 15
4248 22
4249 7
4250 8
4251 10
4252 11
4253 18
4254 3
4255 16
4256 2
4257 15
4258 3
4259 11
4260 9
4261 9
4262 14
4263 11
4264 1
4265 17
4266 1
4267 12
4268 13
4269 4
4270 8
4271 23
4272 21
4273 24
4274 6
4275 16
4276 2
4277 15
4278 19
4279 13
4280 6
4281 10
4282 19
4283 1
4284 4
4285 12
4286 16
4287 4
4288 5
4289 6
4290 11
4291 16
4292 1
4293 5
4294 19
4295 9
4296 4
4297 5
4298 15
4299 14
4300 2
4301 2
4302 2
4303 7
4304 7
4305 14
4306 15
4307 3
4308 8
4309 17
4310 12
4311 16
4312 15
4313 1
4314 3
4315 16
4316 7
4317 4
4318 16
4319 2
4320 15
4321 8
4322 9
4323 13
4324 3
4325 3
4326 14
4327 11
4328 5
4329 13
4330 11
4331 4
4332 24
4333 10
4334 12
4335 5
4336 18
4337 1
4338 9
4339 9
4340 16
4341 15
4342 13
4343 22
4344 8
4345 18
4346 9
4347 6
4348 4
4349 14
4350 32
4351 9
4352 4
4353 7
4354 17
4355 14
4356 17
4357 16
4358 7
4359 5
4360 15
4361 4
4362 11
4363 14
4364 8
4365 9
4366 1
4367 6
4368 13
4369 12
4370 3
4371 6
4372 11
4373 2
4374 1
4375 2
4376 14
4377 14
4378 11
4379 9
4380 8
4381 10
4382 2
4383 19
4384 10
4385 5
4386 8
4387 4
4388 1
4389 4
4390 6
4391 20
4392 8
4393 15
4394 20
4395 3
4396 13
4397 5
4398 21
4399 1
4400 7
4401 25
4402 2
4403 5
4404 8
4405 1
4406 20
4407 2
4408 1
4409 11
4410 16
4411 8
4412 10
4413 8
4414 2
4415 24
4416 5
4417 2
4418 19
4419 13
4420 22
4421 2
4422 11
4423 9
4424 4
4425 11
4426 5
4427 4
4428 25
4429 2
4430 8
4431 11
4432 8
4433 18
4434 18
4435 18
4436 3
4437 18
4438 13
4439 7
4440 12
4441 3
4442 9
4443 6
4444 10
4445 5
4446 12
4447 20
4448 11
4449 6
4450 14
4451 19
4452 10
4453 15
4454 7
4455 12
4456 11
4457 13
4458 18
4459 4
4460 16
4461 5
4462 18
4463 4
4464 3
4465 15
4466 5
4467 6
4468 11
4469 10
4470 17
4471 18
4472 1
4473 4
4474 6
4475 1
4476 24
4477 15
4478 20
4479 8
4480 8
4481 20
4482 2
4483 16
4484 3
4485 23
4486 1
4487 24
4488 8
4489 13
4490 9
4491 12
4492 12
4493 9
4494 12
4495 10
4496 12
4497 3
4498 15
4499 16
4500 17
4501 5
4502 20
4503 24
4504 24
4505 25
4506 4
4507 17
4508 3
4509 17
4510 16
4511 13
4512 22
4513 9
4514 9
4515 11
4516 10
4517 9
4518 6
4519 5
4520 13
4521 4
4522 15
4523 13
4524 16
4525 11
4526 14
4527 7
4528 13
4529 9
4530 17
4531 5
4532 14
4533 10
4534 18
4535 3
4536 13
4537 15
4538 16
4539 7
4540 19
4541 15
4542 6
4543 15
4544 16
4545 1
4546 4
4547 3
4548 17
4549 21
4550 16
4551 1
4552 19
4553 21
4554 24
4555 20
4556 18
4557 7
4558 19
4559 16
4560 6
4561 20
4562 1
4563 32
4564 12
4565 8
4566 8
4567 4
4568 15
4569 16
4570 13
4571 2
4572 23
4573 8
4574 7
4575 17
4576 15
4577 1
4578 12
4579 2
4580 10
4581 6
4582 15
4583 26
4584 1
4585 10
4586 10
4587 10
4588 6
4589 7
4590 15
4591 16
4592 22
4593 10
4594 11
4595 11
4596 3
4597 10
4598 9
4599 8
4600 18
4601 19
4602 9
4603 22
4604 18
4605 13
4606 7
4607 8
4608 10
4609 19
4610 4
4611 2
4612 21
4613 13
4614 13
4615 3
4616 10
4617 17
4618 5
4619 12
4620 7
4621 6
4622 11
4623 9
4624 4
4625 2
4626 27
4627 1
4628 7
4629 13
4630 12
4631 16
4632 13
4633 14
4634 20
4635 8
4636 14
4637 14
4638 12
4639 3
4640 16
4641 9
4642 17
4643 8
4644 16
4645 23
4646 14
4647 10
4648 6
4649 14
4650 17
4651 18
4652 19
4653 12
4654 16
4655 7
4656 11
4657 20
4658 2
4659 18
4660 6
4661 1
4662 10
4663 2
4664 13
4665 11
4666 8
4667 16
4668 2
4669 11
4670 2
4671 15
4672 4
4673 5
4674 2
4675 7
4676 10
4677 18
4678 17
4679 15
4680 15
4681 3
4682 16
4683 10
4684 4
4685 17
4686 2
4687 1
4688 7
4689 18
4690 18
4691 10
4692 4
4693 9
4694 2
4695 12
4696 27
4697 3
4698 9
4699 24
4700 9
4701 2
4702 18
4703 10
4704 3
4705 18
4706 3
4707 8
4708 15
4709 4
4710 4
4711 22
4712 9
4713 14
4714 2
4715 10
4716 7
4717 2
4718 5
4719 1
4720 18
4721 16
4722 11
4723 11
4724 1
4725 5
4726 15
4727 13
4728 5
4729 9
4730 1
4731 11
4732 20
4733 9
4734 5
4735 4
4736 16
4737 4
4738 20
4739 21
4740 3
4741 14
4742 6
4743 6
4744 5
4745 5
4746 7
4747 6
4748 18
4749 8
4750 4
4751 20
4752 2
4753 7
4754 9
4755 8
4756 21
4757 18
4758 9
4759 17
4760 11
4761 15
4762 8
4763 15
4764 4
4765 12
4766 14
4767 11
4768 3
4769 9
4770 13
4771 11
4772 3
4773 8
4774 3
4775 9
4776 13
4777 8
4778 4
4779 15
4780 5
4781 9
4782 15
4783 1
4784 2
4785 6
4786 3
4787 2
4788 16
4789 15
4790 17
4791 17
4792 17
4793 9
4794 18
4795 5
4796 2
4797 3
4798 5
4799 12
4800 17
4801 15
4802 4
4803 11
4804 14
4805 9
4806 4
4807 13
4808 8
4809 14
4810 12
4811 19
4812 16
4813 14
4814 8
4815 4
4816 9
4817 16
4818 18
4819 28
4820 4
4821 7
4822 9
4823 4
4824 10
4825 7
4826 15
4827 15
4828 1
4829 14
4830 8
4831 11
4832 1
4833 6
4834 2
4835 9
4836 18
4837 10
4838 16
4839 4
4840 1
4841 12
4842 7
4843 8
4844 9
4845 5
4846 3
4847 11
4848 12
4849 15
4850 7
4851 10
4852 7
4853 4
4854 11
4855 15
4856 20
4857 15
4858 3
4859 4
4860 13
4861 13
4862 2
4863 15
4864 12
4865 9
4866 4
4867 12
4868 12
4869 19
4870 3
4871 16
4872 12
4873 22
4874 8
4875 11
4876 11
4877 10
4878 1
4879 4
4880 21
4881 1
4882 8
4883 4
4884 12
4885 12
4886 5
4887 11
4888 18
4889 6
4890 19
4891 5
4892 2
4893 13
4894 1
4895 13
4896 7
4897 7
4898 10
4899 9
4900 21
4901 18
4902 6
4903 4
4904 2
4905 5
4906 2
4907 10
4908 2
4909 9
4910 2
4911 10
4912 13
4913 13
4914 12
4915 12
4916 17
4917 7
4918 12
4919 20
4920 4
4921 20
4922 10
4923 11
4924 23
4925 8
4926 13
4927 17
4928 6
4929 3
4930 1
4931 14
4932 17
4933 1
4934 14
4935 1
4936 20
4937 6
4938 14
4939 2
4940 5
4941 4
4942 8
4943 15
4944 12
4945 2
4946 21
4947 16
4948 9
4949 2
4950 12
4951 9
4952 13
4953 9
4954 21
4955 20
4956 12
4957 17
4958 20
4959 13
4960 13
4961 10
4962 6
4963 1
4964 22
4965 11
4966 23
4967 1
4968 17
4969 4
4970 7
4971 3
4972 6
4973 10
4974 8
4975 7
4976 17
4977 1
4978 16
4979 2
4980 16
4981 1
4982 23
4983 16
4984 6
4985 18
4986 10
4987 18
4988 19
4989 2
4990 20
4991 10
4992 14
4993 14
4994 5
4995 11
4996 18
4997 17
4998 13
4999 6
5000 16
5001 3
5002 8
5003 1
5004 17
5005 17
5006 16
5007 10
5008 12
5009 4
5010 12
5011 7
5012 1
5013 9
5014 14
5015 6
5016 5
5017 15
5018 8
5019 26
5020 13
5021 7
5022 16
5023 11
5024 14
5025 7
5026 11
5027 6
5028 13
5029 10
5030 9
5031 8
5032 15
5033 8
5034 24
5035 9
5036 15
5037 2
5038 2
5039 4
5040 11
5041 8
5042 11
5043 8
5044 4
5045 13
5046 5
5047 11
5048 19
5049 6
5050 12
5051 11
5052 4
5053 4
5054 13
5055 16
5056 5
5057 5
5058 6
5059 13
5060 25
5061 17
5062 12
5063 12
5064 22
5065 18
5066 21
5067 2
5068 9
5069 19
5070 5
5071 14
5072 21
5073 4
5074 7
5075 4
5076 13
5077 5
5078 6
5079 1
5080 12
5081 11
5082 2
5083 14
5084 26
5085 16
5086 7
5087 21
5088 18
5089 21
5090 5
5091 2
5092 13
5093 12
5094 5
5095 1
5096 12
5097 14
5098 10
5099 22
5100 1
5101 28
5102 3
5103 2
5104 1
5105 6
5106 19
5107 13
5108 9
5109 7
5110 18
5111 21
5112 5
5113 10
5114 30
5115 20
5116 12
5117 16
5118 5
5119 4
5120 3
5121 8
5122 8
5123 7
5124 8
5125 24
5126 13
5127 5
5128 11
5129 8
5130 15
5131 5
5132 1
5133 21
5134 6
5135 12
5136 17
5137 23
5138 2
5139 12
5140 2
5141 17
5142 13
5143 8
5144 5
5145 3
5146 5
5147 6
5148 14
5149 2
5150 1
5151 10
5152 11
5153 15
5154 17
5155 11
5156 19
5157 3
5158 9
5159 23
5160 14
5161 14
5162 3
5163 15
5164 16
5165 10
5166 11
5167 13
5168 9
5169 20
5170 6
5171 10
5172 19
5173 3
5174 10
5175 2
5176 14
5177 12
5178 3
5179 21
5180 5
5181 8
5182 2
5183 21
5184 7
5185 11
5186 7
5187 10
5188 1
5189 17
5190 1
5191 9
5192 11
5193 5
5194 3
5195 20
5196 6
5197 1
5198 18
5199 16
5200 7
5201 7
5202 24
5203 6
5204 7
5205 22
5206 3
5207 5
5208 16
5209 11
5210 21
5211 19
5212 3
5213 12
5214 19
5215 13
5216 6
5217 10
5218 3
5219 6
5220 4
5221 4
5222 11
5223 5
5224 11
5225 12
5226 18
5227 29
5228 13
5229 14
5230 15
5231 7
5232 4
5233 13
5234 7
5235 2
5236 16
5237 12
5238 13
5239 11
5240 20
5241 13
5242 18
5243 22
5244 1
5245 3
5246 16
5247 15
5248 10
5249 6
5250 16
5251 20
5252 6
5253 2
5254 8
5255 15
5256 13
5257 23
5258 16
5259 7
5260 8
5261 2
5262 15
5263 23
5264 9
5265 11
5266 8
5267 1
5268 20
5269 5
5270 10
5271 4
5272 18
5273 5
5274 22
5275 11
5276 6
5277 23
5278 17
5279 9
5280 22
5281 5
5282 11
5283 14
5284 20
5285 18
5286 9
5287 2
5288 8
5289 7
5290 18
5291 12
5292 7
5293 1
5294 10
5295 3
5296 7
5297 9
5298 11
5299 1
5300 4
5301 9
5302 6
5303 14
5304 1
5305 12
5306 9
5307 11
5308 17
5309 11
5310 6
5311 13
5312 14
5313 3
5314 10
5315 1
5316 4
5317 7
5318 11
5319 16
5320 8
5321 17
5322 2
5323 6
5324 19
5325 14
5326 2
5327 11
5328 15
5329 5
5330 9
5331 4
5332 1
5333 16
5334 21
5335 10
5336 3
5337 3
5338 20
5339 7
5340 6
5341 5
5342 27
5343 5
5344 16
5345 4
5346 13
5347 19
5348 11
5349 13
5350 17
5351 7
5352 3
5353 13
5354 7
5355 3
5356 3
5357 16
5358 13
5359 1
5360 7
5361 11
5362 19
5363 11
5364 21
5365 10
5366 6
5367 17
5368 8
5369 6
5370 15
5371 3
5372 15
5373 3
5374 10
5375 5
5376 2
5377 22
5378 3
5379 7
5380 2
5381 5
5382 7
5383 25
5384 27
5385 5
5386 16
5387 5
5388 2
5389 21
5390 17
5391 21
5392 17
5393 15
5394 9
5395 13
5396 7
5397 19
5398 9
5399 14
5400 13
5401 5
5402 10
5403 5
5404 7
5405 8
5406 11
5407 3
5408 11
5409 16
5410 3
5411 11
5412 21
5413 17
5414 3
5415 14
5416 10
5417 25
5418 6
5419 7
5420 18
5421 12
5422 8
5423 9
5424 23
5425 19
5426 6
5427 20
5428 6
5429 2
5430 2
5431 16
5432 18
5433 2
5434 17
5435 12
5436 5
5437 26
5438 18
5439 3
5440 2
5441 1
5442 21
5443 6
5444 12
5445 6
5446 23
5447 1
5448 2
5449 17
5450 1
5451 2
5452 28
5453 14
5454 3
5455 2
5456 2
5457 19
5458 8
5459 7
5460 14
5461 17
5462 14
5463 1
5464 3
5465 6
5466 12
5467 7
5468 7
5469 6
5470 19
5471 8
5472 7
5473 8
5474 6
5475 5
5476 15
5477 1
5478 10
5479 5
5480 7
5481 21
5482 1
5483 6
5484 15
5485 21
5486 17
5487 3
5488 8
5489 7
5490 2
5491 13
5492 19
5493 7
5494 19
5495 4
5496 18
5497 6
5498 5
5499 8
5500 17
5501 3
5502 3
5503 13
5504 14
5505 12
5506 14
5507 3
5508 11
5509 4
5510 4
5511 6
5512 8
5513 11
5514 21
5515 3
5516 16
5517 10
5518 1
5519 10
5520 8
5521 16
5522 27
5523 16
5524 4
5525 1
5526 28
5527 7
5528 16
5529 18
5530 21
5531 12
5532 14
5533 1
5534 17
5535 15
5536 14
5537 17
5538 9
5539 20
5540 4
5541 17
5542 2
5543 20
5544 13
5545 1
5546 19
5547 1
5548 3
5549 26
5550 19
5551 11
5552 6
5553 21
5554 11
5555 7
5556 1
5557 10
5558 3
5559 3
5560 6
5561 18
5562 11
5563 10
5564 1
5565 16
5566 18
5567 3
5568 9
5569 22
5570 19
5571 4
5572 8
5573 14
5574 4
5575 4
5576 3
5577 6
5578 1
5579 12
5580 15
5581 2
5582 13
5583 10
5584 2
5585 11
5586 12
5587 7
5588 26
5589 17
5590 15
5591 8
5592 16
5593 12
5594 4
5595 7
5596 11
5597 5
5598 1
5599 3
5600 13
5601 5
5602 9
5603 9
5604 9
5605 10
5606 7
5607 9
5608 3
5609 11
5610 20
5611 12
5612 6
5613 15
5614 12
5615 7
5616 18
5617 2
5618 9
5619 7
5620 8
5621 15
5622 9
5623 15
5624 11
5625 18
5626 18
5627 17
5628 5
5629 12
5630 1
5631 17
5632 18
5633 11
5634 5
5635 25
5636 2
5637 18
5638 14
5639 21
5640 3
5641 2
5642 10
5643 12
5644 3
5645 31
5646 7
5647 8
5648 2
5649 2
5650 11
5651 10
5652 11
5653 18
5654 18
5655 2
5656 6
5657 6
5658 2
5659 7
5660 8
5661 24
5662 14
5663 22
5664 8
5665 10
5666 2
5667 15
5668 3
5669 1
5670 1
5671 1
5672 2
5673 17
5674 5
5675 11
5676 5
5677 11
5678 1
5679 21
5680 11
5681 15
5682 18
5683 21
5684 2
5685 7
5686 17
5687 7
5688 8
5689 1
5690 7
5691 2
5692 17
5693 4
5694 2
5695 11
5696 7
5697 4
5698 2
5699 8
5700 11
5701 10
5702 8
5703 12
5704 30
5705 7
5706 12
5707 1
5708 18
5709 23
5710 7
5711 18
5712 19
5713 10
5714 10
5715 8
5716 18
5717 7
5718 14
5719 10
5720 1
5721 9
5722 17
5723 12
5724 20
5725 3
5726 6
5727 1
5728 10
5729 11
5730 9
5731 17
5732 15
5733 24
5734 15
5735 3
5736 2
5737 13
5738 8
5739 23
5740 2
5741 7
5742 13
5743 25
5744 20
5745 1
5746 10
5747 12
5748 2
5749 22
5750 18
5751 19
5752 25
5753 5
5754 18
5755 18
5756 4
5757 2
5758 14
5759 22
5760 23
5761 8
5762 21
5763 16
5764 11
5765 2
5766 20
5767 5
5768 21
5769 23
5770 8
5771 9
5772 8
5773 11
5774 15
5775 4
5776 7
5777 3
5778 13
5779 12
5780 10
5781 22
5782 7
5783 13
5784 16
5785 11
5786 18
5787 12
5788 18
5789 10
5790 16
5791 2
5792 5
5793 2
5794 18
5795 17
5796 14
5797 7
5798 16
5799 7
5800 17
5801 6
5802 12
5803 25
5804 1
5805 15
5806 16
5807 15
5808 1
5809 7
5810 17
5811 5
5812 15
5813 2
5814 9
5815 15
5816 5
5817 12
5818 14
5819 3
5820 8
5821 8
5822 4
5823 17
5824 3
5825 11
5826 1
5827 10
5828 8
5829 6
5830 5
5831 8
5832 3
5833 21
5834 11
5835 9
5836 4
5837 13
5838 10
5839 3
5840 11
5841 15
5842 11
5843 15
5844 11
5845 10
5846 18
5847 7
5848 7
5849 20
5850 18
5851 20
5852 3
5853 27
5854 12
5855 4
5856 10
5857 26
5858 13
5859 5
5860 7
5861 2
5862 5
5863 10
5864 9
5865 16
5866 7
5867 3
5868 7
5869 7
5870 22
5871 6
5872 5
5873 17
5874 11
5875 4
5876 5
5877 19
5878 16
5879 12
5880 8
5881 9
5882 8
5883 18
5884 21
5885 15
5886 7
5887 7
5888 10
5889 14
5890 24
5891 5
5892 9
5893 14
5894 4
5895 8
5896 2
5897 18
5898 1
5899 12
5900 9
5901 9
5902 3
5903 17
5904 13
5905 17
5906 20
5907 2
5908 3
5909 7
5910 22
5911 4
5912 13
5913 11
5914 5
5915 7
5916 12
5917 2
5918 7
5919 19
5920 8
5921 6
5922 20
5923 2
5924 24
5925 1
5926 3
5927 12
5928 9
5929 5
5930 13
5931 1
5932 15
5933 16
5934 7
5935 5
5936 8
5937 13
5938 9
5939 12
5940 12
5941 12
5942 6
5943 9
5944 16
5945 4
5946 8
5947 6
5948 9
5949 24
5950 9
5951 20
5952 2
5953 26
5954 13
5955 21
5956 3
5957 10
5958 13
5959 14
5960 18
5961 15
5962 13
5963 11
5964 22
5965 3
5966 9
5967 7
5968 17
5969 27
5970 17
5971 16
5972 2
5973 15
5974 15
5975 11
5976 8
5977 5
5978 4
5979 21
5980 14
5981 7
5982 13
5983 15
5984 15
5985 10
5986 3
5987 18
5988 16
5989 11
5990 12
5991 7
5992 9
5993 3
5994 6
5995 7
5996 17
5997 4
5998 8
5999 12
6000 1
6001 3
6002 15
6003 5
6004 16
6005 11
6006 7
6007 5
6008 8
6009 6
6010 2
6011 14
6012 17
6013 6
6014 1
6015 16
6016 3
6017 15
6018 8
6019 10
6020 11
6021 8
6022 11
6023 5
6024 21
6025 4
6026 11
6027 12
6028 4
6029 23
6030 6
6031 19
6032 13
6033 7
6034 15
6035 16
6036 17
6037 2
6038 5
6039 9
6040 24
6041 11
6042 3
6043 12
6044 20
6045 3
6046 10
6047 12
6048 2
6049 8
6050 11
6051 9
6052 15
6053 5
6054 17
6055 12
6056 6
6057 3
6058 3
6059 1
6060 20
6061 9
6062 11
6063 13
6064 1
6065 9
6066 15
6067 3
6068 9
6069 18
6070 7
6071 5
6072 7
6073 1
6074 17
6075 16
6076 14
6077 12
6078 2
6079 12
6080 1
6081 5
6082 6
6083 11
6084 7
6085 8
6086 3
6087 4
6088 11
6089 10
6090 10
6091 11
6092 18
6093 12
6094 12
6095 11
6096 4
6097 14
6098 13
6099 8
6100 9
6101 12
6102 18
6103 1
6104 13
6105 16
6106 8
6107 23
6108 18
6109 11
6110 3
6111 4
6112 2
6113 17
6114 12
6115 13
6116 1
6117 7
6118 26
6119 2
6120 23
6121 1
6122 12
6123 17
6124 5
6125 16
6126 25
6127 6
6128 4
6129 20
6130 20
6131 6
6132 6
6133 25
6134 16
6135 13
6136 10
6137 3
6138 9
6139 17
6140 12
6141 3
6142 12
6143 4
6144 14
6145 2
6146 22
6147 10
6148 4
6149 9
6150 5
6151 12
6152 3
6153 8
6154 13
6155 1
6156 13
6157 10
6158 6
6159 19
6160 9
6161 7
6162 17
6163 12
6164 17
6165 1
6166 21
6167 4
6168 6
6169 19
6170 8
6171 5
6172 10
6173 7
6174 19
6175 10
6176 15
6177 3
6178 20
6179 13
6180 13
6181 16
6182 13
6183 17
6184 1
6185 22
6186 20
6187 18
6188 8
6189 17
6190 6
6191 4
6192 9
6193 4
6194 11
6195 16
6196 15
6197 16
6198 6
6199 16
6200 1
6201 4
6202 3
6203 18
6204 6
6205 10
6206 11
6207 13
6208 13
6209 7
6210 8
6211 12
6212 1
6213 4
6214 1
6215 17
6216 15
6217 10
6218 16
6219 1
6220 6
6221 5
6222 21
6223 15
6224 7
6225 9
6226 17
6227 10
6228 11
6229 4
6230 2
6231 1
6232 1
6233 3
6234 20
6235 21
6236 8
6237 13
6238 1
6239 5
6240 29
6241 9
6242 9
6243 12
6244 14
6245 17
6246 4
6247 5
6248 17
6249 8
6250 2
6251 1
6252 18
6253 4
6254 12
6255 3
6256 9
6257 16
6258 7
6259 9
6260 5
6261 1
6262 9
6263 21
6264 3
6265 3
6266 5
6267 8
6268 2
6269 11
6270 18
6271 3
6272 12
6273 13
6274 1
6275 4
6276 20
6277 9
6278 10
6279 15
6280 7
6281 2
6282 11
6283 8
6284 5
6285 5
6286 11
6287 12
6288 3
6289 3
6290 7
6291 3
6292 17
6293 4
6294 12
6295 4
6296 12
6297 4
6298 3
6299 2
6300 19
6301 6
6302 14
6303 7
6304 27
6305 18
6306 7
6307 17
6308 9
6309 23
6310 16
6311 2
6312 21
6313 10
6314 3
6315 2
6316 2
6317 13
6318 12
6319 8
6320 16
6321 8
6322 24
6323 1
6324 2
6325 6
6326 26
6327 10
6328 22
6329 10
6330 22
6331 2
6332 17
6333 3
6334 11
6335 5
6336 13
6337 12
6338 11
6339 13
6340 1
6341 16
6342 12
6343 3
6344 19
6345 4
6346 11
6347 6
6348 16
6349 7
6350 3
6351 1
6352 4
6353 6
6354 2
6355 4
6356 8
6357 22
6358 11
6359 13
6360 7
6361 28
6362 19
6363 15
6364 9
6365 12
6366 6
6367 2
6368 5
6369 9
6370 14
6371 8
6372 12
6373 8
6374 3
6375 18
6376 11
6377 13
6378 14
6379 2
6380 1
6381 9
6382 12
6383 8
6384 16
6385 14
6386 12
6387 16
6388 6
6389 25
6390 6
6391 6
6392 1
6393 7
6394 2
6395 4
6396 13
6397 3
6398 11
6399 13
6400 10
6401 11
6402 12
6403 11
6404 8
6405 2
6406 19
6407 1
6408 7
6409 16
6410 8
6411 15
6412 8
6413 11
6414 7
6415 15
6416 19
6417 3
6418 7
6419 12
6420 3
6421 16
6422 17
6423 14
6424 21
6425 10
6426 4
6427 20
6428 12
6429 3
6430 5
6431 19
6432 17
6433 12
6434 18
6435 8
6436 15
6437 13
6438 12
6439 21
6440 12
6441 7
6442 1
6443 3
6444 1
6445 9
6446 3
6447 9
6448 13
6449 4
6450 5
6451 16
6452 20
6453 12
6454 20
6455 17
6456 17
6457 10
6458 13
6459 19
6460 8
6461 9
6462 4
6463 9
6464 13
6465 10
6466 10
6467 18
6468 18
6469 6
6470 4
6471 9
6472 9
6473 16
6474 2
6475 6
6476 6
6477 13
6478 3
6479 8
6480 11
6481 5
6482 17
6483 2
6484 4
6485 1
6486 23
6487 7
6488 12
6489 10
6490 5
6491 6
6492 8
6493 20
6494 14
6495 16
6496 14
6497 5
6498 7
6499 3
6500 16
6501 22
6502 6
6503 5
6504 4
6505 8
6506 5
6507 7
6508 7
6509 4
6510 19
6511 14
6512 18
6513 15
6514 10
6515 25
6516 10
6517 10
6518 6
6519 6
6520 4
6521 21
6522 10
6523 15
6524 13
6525 19
6526 6
6527 5
6528 13
6529 12
6530 12
6531 8
6532 1
6533 2
6534 5
6535 1
6536 19
6537 19
6538 1
6539 25
6540 14
6541 10
6542 15
6543 4
6544 9
6545 6
6546 14
6547 9
6548 7
6549 8
6550 10
6551 6
6552 10
6553 5
6554 16
6555 11
6556 22
6557 9
6558 7
6559 2
6560 20
6561 3
6562 8
6563 15
6564 2
6565 12
6566 3
6567 1
6568 9
6569 7
6570 5
6571 1
6572 7
6573 8
6574 11
6575 22
6576 6
6577 2
6578 18
6579 18
6580 16
6581 7
6582 2
6583 17
6584 7
6585 2
6586 21
6587 5
6588 20
6589 14
6590 3
6591 4
6592 1
6593 22
6594 11
6595 4
6596 7
6597 18
6598 6
6599 18
6600 22
6601 10
6602 18
6603 5
6604 4
6605 1
6606 2
6607 7
6608 7
6609 1
6610 14
6611 13
6612 5
6613 16
6614 4
6615 1
6616 16
6617 9
6618 5
6619 3
6620 3
6621 1
6622 3
6623 7
6624 11
6625 16
6626 5
6627 10
6628 17
6629 7
6630 8
6631 2
6632 9
6633 1
6634 3
6635 7
6636 14
6637 27
6638 7
6639 8
6640 3
6641 15
6642 5
6643 5
6644 19
6645 14
6646 23
6647 9
6648 2
6649 2
6650 23
6651 24
6652 5
6653 13
6654 23
6655 5
6656 6
6657 17
6658 9
6659 3
6660 11
6661 12
6662 10
6663 12
6664 17
6665 6
6666 17
6667 8
6668 11
6669 15
6670 19
6671 20
6672 14
6673 11
6674 20
6675 8
6676 11
6677 20
6678 11
6679 4
6680 9
6681 10
6682 15
6683 8
6684 20
6685 2
6686 13
6687 11
6688 12
6689 23
6690 30
6691 16
6692 5
6693 10
6694 10
6695 7
6696 13
6697 23
6698 21
6699 20
6700 6
6701 4
6702 17
6703 10
6704 22
6705 2
6706 10
6707 2
6708 14
6709 18
6710 18
6711 26
6712 3
6713 3
6714 3
6715 12
6716 22
6717 10
6718 13
6719 9
6720 12
6721 5
6722 14
6723 19
6724 6
6725 13
6726 4
6727 13
6728 20
6729 6
6730 17
6731 19
6732 12
6733 8
6734 8
6735 7
6736 7
6737 7
6738 15
6739 4
6740 18
6741 14
6742 16
6743 18
6744 15
6745 1
6746 4
6747 13
6748 25
6749 10
6750 13
6751 9
6752 3
6753 11
6754 17
6755 12
6756 14
6757 8
6758 16
6759 8
6760 22
6761 10
6762 21
6763 19
6764 1
6765 8
6766 8
6767 6
6768 3
6769 4
6770 2
6771 5
6772 10
6773 8
6774 14
6775 14
6776 7
6777 5
6778 22
6779 8
6780 4
6781 3
6782 15
6783 13
6784 2
6785 21
6786 12
6787 9
6788 6
6789 2
6790 11
6791 21
6792 12
6793 11
6794 10
6795 3
6796 7
6797 14
6798 22
6799 18
6800 16
6801 17
6802 17
6803 3
6804 9
6805 15
6806 18
6807 6
6808 1
6809 7
6810 5
6811 17
6812 16
6813 8
6814 9
6815 1
6816 16
6817 6
6818 23
6819 11
6820 1
6821 12
6822 26
6823 5
6824 22
6825 11
6826 9
6827 9
6828 7
6829 18
6830 16
6831 8
6832 17
6833 9
6834 1
6835 20
6836 12
6837 15
6838 8
6839 10
6840 2
6841 18
6842 8
6843 11
6844 21
6845 5
6846 17
6847 15
6848 16
6849 13
6850 4
6851 20
6852 7
6853 20
6854 5
6855 3
6856 7
6857 9
6858 3
6859 20
6860 21
6861 2
6862 3
6863 21
6864 7
6865 23
6866 19
6867 13
6868 11
6869 6
6870 5
6871 23
6872 8
6873 18
6874 3
6875 10
6876 20
6877 11
6878 9
6879 18
6880 21
6881 5
6882 5
6883 12
6884 19
6885 9
6886 9
6887 8
6888 6
6889 5
6890 2
6891 16
6892 19
6893 26
6894 22
6895 5
6896 13
6897 4
6898 1
6899 8
6900 1
6901 21
6902 7
6903 15
6904 1
6905 5
6906 15
6907 5
6908 15
6909 9
6910 12
6911 6
6912 1
6913 7
6914 2
6915 1
6916 2
6917 9
6918 8
6919 9
6920 19
6921 14
6922 2
6923 4
6924 10
6925 6
6926 3
6927 8
6928 9
6929 12
6930 12
6931 20
6932 11
6933 6
6934 20
6935 22
6936 11
6937 14
6938 3
6939 4
6940 2
6941 15
6942 10
6943 1
6944 14
6945 13
6946 14
6947 8
6948 8
6949 3
6950 10
6951 2
6952 10
6953 20
6954 11
6955 9
6956 17
6957 19
6958 1
6959 15
6960 10
6961 23
6962 11
6963 12
6964 3
6965 17
6966 5
6967 3
6968 8
6969 16
6970 7
6971 20
6972 14
6973 2
6974 4
6975 22
6976 1
6977 22
6978 5
6979 12
6980 14
6981 13
6982 8
6983 5
6984 16
6985 24
6986 11
6987 12
6988 17
6989 12
6990 17
6991 8
6992 6
6993 12
6994 10
6995 4
6996 4
6997 9
6998 9
6999 2
7000 17
7001 20
7002 21
7003 12
7004 22
7005 25
7006 5
7007 4
7008 9
7009 9
7010 19
7011 7
7012 15
7013 20
7014 16
7015 6
7016 4
7017 15
7018 7
7019 14
7020 13
7021 8
7022 1
7023 8
7024 21
7025 11
7026 15
7027 8
7028 12
7029 13
7030 12
7031 2
7032 2
7033 3
7034 12
7035 12
7036 4
7037 9
7038 6
7039 24
7040 14
7041 3
7042 4
7043 19
7044 16
7045 6
7046 11
7047 24
7048 2
7049 11
7050 9
7051 10
7052 19
7053 18
7054 8
7055 3
7056 3
7057 11
7058 3
7059 8
7060 15
7061 18
7062 16
7063 13
7064 1
7065 14
7066 15
7067 20
7068 15
7069 13
7070 7
7071 19
7072 12
7073 12
7074 10
7075 3
7076 14
7077 6
7078 3
7079 7
7080 18
7081 20
7082 3
7083 18
7084 13
7085 10
7086 17
7087 21
7088 2
7089 11
7090 5
7091 23
7092 3
7093 18
7094 11
7095 12
7096 14
7097 18
7098 9
7099 10
7100 12
7101 3
7102 8
7103 23
7104 13
7105 13
7106 19
7107 9
7108 11
7109 28
7110 1
7111 3
7112 2
7113 17
7114 9
7115 13
7116 12
7117 5
7118 15
7119 15
7120 7
7121 17
7122 15
7123 11
7124 4
7125 12
7126 14
7127 14
7128 14
7129 19
7130 6
7131 14
7132 19
7133 4
7134 3
7135 20
7136 11
7137 8
7138 16
7139 16
7140 9
7141 18
7142 10
7143 13
7144 3
7145 12
7146 11
7147 11
7148 9
7149 19
7150 17
7151 3
7152 14
7153 7
7154 2
7155 21
7156 3
7157 7
7158 6
7159 9
7160 25
7161 2
7162 11
7163 2
7164 18
7165 14
7166 7
7167 5
7168 8
7169 18
7170 12
7171 19
7172 9
7173 9
7174 7
7175 13
7176 14
7177 6
7178 5
7179 16
7180 10
7181 14
7182 11
7183 16
7184 17
7185 9
7186 18
7187 14
7188 20
7189 2
7190 19
7191 2
7192 8
7193 8
7194 6
7195 4
7196 14
7197 2
7198 2
7199 23
7200 4
7201 15
7202 3
7203 11
7204 5
7205 6
7206 14
7207 16
7208 16
7209 12
7210 15
7211 11
7212 29
7213 7
7214 8
7215 15
7216 12
7217 29
7218 1
7219 14
7220 21
7221 18
7222 10
7223 11
7224 4
7225 2
7226 11
7227 10
7228 3
7229 15
7230 3
7231 8
7232 26
7233 10
7234 6
7235 1
7236 13
7237 7
7238 7
7239 6
7240 8
7241 18
7242 13
7243 14
7244 7
7245 19
7246 14
7247 16
7248 5
7249 4
7250 8
7251 7
7252 9
7253 1
7254 22
7255 11
7256 9
7257 9
7258 3
7259 10
7260 8
7261 11
7262 26
7263 14
7264 11
7265 1
7266 5
7267 7
7268 16
7269 14
7270 17
7271 12
7272 13
7273 20
7274 24
7275 11
7276 11
7277 9
7278 17
7279 9
7280 6
7281 2
7282 13
7283 7
7284 18
7285 11
7286 13
7287 6
7288 1
7289 15
7290 5
7291 26
7292 6
7293 1
7294 1
7295 1
7296 3
7297 19
7298 17
7299 12
7300 1
7301 9
7302 11
7303 1
7304 7
7305 2
7306 7
7307 6
7308 2
7309 6
7310 4
7311 12
7312 20
7313 13
7314 10
7315 14
7316 6
7317 3
7318 11
7319 28
7320 4
7321 3
7322 11
7323 12
7324 9
7325 16
7326 14
7327 13
7328 10
7329 3
7330 9
7331 11
7332 17
7333 5
7334 22
7335 13
7336 16
7337 18
7338 3
7339 25
7340 12
7341 12
7342 2
7343 12
7344 16
7345 18
7346 24
7347 17
7348 7
7349 9
7350 11
7351 15
7352 2
7353 19
7354 6
7355 7
7356 15
7357 3
7358 19
7359 15
7360 2
7361 4
7362 19
7363 10
7364 6
7365 19
7366 13
7367 6
7368 5
7369 10
7370 6
7371 13
7372 3
7373 2
7374 3
7375 3
7376 9
7377 11
7378 4
7379 18
7380 12
7381 19
7382 6
7383 7
7384 16
7385 5
7386 2
7387 9
7388 17
7389 13
7390 3
7391 12
7392 11
7393 17
7394 1
7395 4
7396 2
7397 16
7398 6
7399 9
7400 6
7401 13
7402 22
7403 4
7404 17
7405 5
7406 9
7407 2
7408 18
7409 3
7410 14
7411 3
7412 10
7413 3
7414 9
7415 6
7416 13
7417 6
7418 11
7419 4
7420 12
7421 12
7422 6
7423 16
7424 5
7425 16
7426 8
7427 8
7428 15
7429 23
7430 9
7431 3
7432 1
7433 12
7434 18
7435 3
7436 1
7437 15
7438 14
7439 8
7440 15
7441 15
7442 1
7443 11
7444 2
7445 18
7446 16
7447 13
7448 4
7449 5
7450 11
7451 17
7452 22
7453 20
7454 10
7455 17
7456 2
7457 5
7458 13
7459 18
7460 21
7461 22
7462 13
7463 7
7464 17
7465 12
7466 8
7467 11
7468 4
7469 24
7470 8
7471 20
7472 8
7473 14
7474 16
7475 3
7476 8
7477 8
7478 12
7479 10
7480 28
7481 7
7482 15
7483 17
7484 9
7485 24
7486 7
7487 20
7488 19
7489 23
7490 14
7491 8
7492 7
7493 6
7494 12
7495 2
7496 18
7497 12
7498 15
7499 4
7500 14
7501 1
7502 13
7503 3
7504 8
7505 12
7506 5
7507 9
7508 3
7509 3
7510 13
7511 21
7512 18
7513 4
7514 13
7515 14
7516 2
7517 12
7518 2
7519 11
7520 2
7521 9
7522 15
7523 16
7524 3
7525 2
7526 11
7527 1
7528 20
7529 6
7530 19
7531 21
7532 8
7533 9
7534 12
7535 12
7536 6
7537 1
7538 15
7539 4
7540 15
7541 2
7542 19
7543 3
7544 6
7545 7
7546 2
7547 14
7548 14
7549 13
7550 23
7551 4
7552 4
7553 23
7554 9
7555 12
7556 7
7557 8
7558 5
7559 12
7560 5
7561 2
7562 5
7563 26
7564 4
7565 22
7566 15
7567 4
7568 10
7569 14
7570 13
7571 16
7572 3
7573 24
7574 24
7575 25
7576 12
7577 8
7578 18
7579 17
7580 1
7581 3
7582 13
7583 8
7584 11
7585 3
7586 3
7587 20
7588 2
7589 6
7590 1
7591 16
7592 22
7593 6
7594 13
7595 20
7596 5
7597 6
7598 1
7599 18
7600 10
7601 2
7602 17
7603 15
7604 1
7605 9
7606 7
7607 12
7608 8
7609 24
7610 9
7611 12
7612 12
7613 18
7614 14
7615 1
7616 11
7617 6
7618 12
7619 20
7620 11
7621 12
7622 6
7623 16
7624 14
7625 15
7626 10
7627 13
7628 12
7629 13
7630 7
7631 4
7632 8
7633 10
7634 13
7635 18
7636 15
7637 3
7638 8
7639 14
7640 13
7641 4
7642 12
7643 1
7644 22
7645 10
7646 22
7647 6
7648 2
7649 1
7650 12
7651 14
7652 14
7653 18
7654 8
7655 8
7656 17
7657 14
7658 12
7659 25
7660 14
7661 9
7662 18
7663 1
7664 10
7665 7
7666 11
7667 9
7668 13
7669 8
7670 1
7671 4
7672 4
7673 3
7674 19
7675 10
7676 9
7677 7
7678 4
7679 7
7680 19
7681 1
7682 15
7683 17
7684 7
7685 4
7686 10
7687 17
7688 16
7689 17
7690 18
7691 2
7692 16
7693 7
7694 4
7695 18
7696 17
7697 7
7698 20
7699 18
7700 14
7701 18
7702 10
7703 11
7704 12
7705 17
7706 14
7707 8
7708 2
7709 8
7710 3
7711 10
7712 15
7713 16
7714 13
7715 17
7716 9
7717 1
7718 18
7719 15
7720 7
7721 17
7722 20
7723 14
7724 5
7725 10
7726 20
7727 17
7728 7
7729 21
7730 13
7731 1
7732 15
7733 18
7734 11
7735 8
7736 11
7737 18
7738 20
7739 10
7740 17
7741 16
7742 10
7743 20
7744 13
7745 20
7746 16
7747 16
7748 20
7749 10
7750 5
7751 12
7752 4
7753 12
7754 8
7755 6
7756 12
7757 3
7758 15
7759 17
7760 5
7761 3
7762 29
7763 8
7764 14
7765 10
7766 8
7767 11
7768 4
7769 3
7770 5
7771 5
7772 17
7773 9
7774 4
7775 20
7776 14
7777 7
7778 8
7779 13
7780 21
7781 2
7782 18
7783 7
7784 5
7785 1
7786 1
7787 24
7788 20
7789 1
7790 15
7791 3
7792 12
7793 6
7794 5
7795 2
7796 5
7797 7
7798 9
7799 7
7800 16
7801 13
7802 7
7803 5
7804 6
7805 9
7806 15
7807 8
7808 16
7809 22
7810 1
7811 1
7812 17
7813 7
7814 5
7815 2
7816 9
7817 11
7818 7
7819 10
7820 23
7821 9
7822 17
7823 7
7824 13
7825 16
7826 7
7827 2
7828 2
7829 1
7830 2
7831 16
7832 20
7833 5
7834 25
7835 14
7836 18
7837 8
7838 7
7839 1
7840 10
7841 2
7842 4
7843 11
7844 8
7845 2
7846 3
7847 15
7848 4
7849 16
7850 10
7851 18
7852 14
7853 12
7854 4
7855 11
7856 6
7857 15
7858 12
7859 4
7860 4
7861 17
7862 9
7863 8
7864 3
7865 3
7866 1
7867 8
7868 7
7869 13
7870 10
7871 9
7872 9
7873 1
7874 19
7875 22
7876 10
7877 17
7878 14
7879 16
7880 17
7881 18
7882 5
7883 1
7884 3
7885 1
7886 20
7887 1
7888 13
7889 13
7890 9
7891 9
7892 3
7893 16
7894 11
7895 19
7896 12
7897 11
7898 17
7899 5
7900 12
7901 14
7902 18
7903 1
7904 14
7905 11
7906 21
7907 5
7908 20
7909 2
7910 11
7911 5
7912 12
7913 9
7914 11
7915 5
7916 7
7917 8
7918 10
7919 18
7920 8
7921 3
7922 3
7923 6
7924 11
7925 8
7926 2
7927 15
7928 2
7929 13
7930 10
7931 12
7932 9
7933 8
7934 5
7935 12
7936 1
7937 3
7938 2
7939 12
7940 6
7941 11
7942 6
7943 11
7944 6
7945 2
7946 12
7947 8
7948 1
7949 14
7950 6
7951 18
7952 17
7953 18
7954 12
7955 18
7956 11
7957 10
7958 11
7959 17
7960 14
7961 17
7962 16
7963 23
7964 12
7965 21
7966 13
7967 6
7968 9
7969 14
7970 6
7971 19
7972 9
7973 6
7974 11
7975 17
7976 12
7977 2
7978 7
7979 28
7980 16
7981 15
7982 3
7983 1
7984 14
7985 15
7986 16
7987 3
7988 14
7989 16
7990 7
7991 16
7992 16
7993 5
7994 10
7995 17
7996 17
7997 9
7998 17
7999 4
8000 9
8001 16
8002 5
8003 2
8004 5
8005 14
8006 6
8007 4
8008 14
8009 7
8010 2
8011 9
8012 3
8013 14
8014 2
8015 5
8016 15
8017 4
8018 7
8019 5
8020 12
8021 1
8022 21
8023 8
8024 6
8025 16
8026 18
8027 15
8028 9
8029 17
8030 19
8031 4
8032 24
8033 17
8034 19
8035 3
8036 1
8037 20
8038 6
8039 3
8040 23
8041 18
8042 20
8043 16
8044 2
8045 9
8046 11
8047 7
8048 14
8049 12
8050 7
8051 3
8052 3
8053 13
8054 6
8055 13
8056 11
8057 20
8058 11
8059 9
8060 12
8061 4
8062 22
8063 12
8064 6
8065 10
8066 1
8067 18
8068 10
8069 10
8070 6
8071 11
8072 8
8073 10
8074 9
8075 14
8076 9
8077 13
8078 8
8079 15
8080 7
8081 16
8082 7
8083 2
8084 5
8085 1
8086 6
8087 6
8088 5
8089 11
8090 13
8091 8
8092 16
8093 10
8094 7
8095 14
8096 7
8097 19
8098 15
8099 14
8100 14
8101 3
8102 5
8103 15
8104 13
8105 14
8106 2
8107 16
8108 23
8109 2
8110 32
8111 16
8112 13
8113 3
8114 17
8115 1
8116 2
8117 5
8118 22
8119 10
8120 3
8121 17
8122 5
8123 9
8124 7
8125 9
8126 18
8127 6
8128 29
8129 5
8130 1
8131 17
8132 11
8133 8
8134 3
8135 7
8136 1
8137 3
8138 6
8139 16
8140 6
8141 7
8142 9
8143 18
8144 20
8145 12
8146 7
8147 16
8148 2
8149 10
8150 15
8151 17
8152 10
8153 24
8154 21
8155 11
8156 5
8157 7
8158 24
8159 9
8160 3
8161 7
8162 2
8163 4
8164 3
8165 8
8166 4
8167 14
8168 7
8169 1
8170 2
8171 4
8172 8
8173 13
8174 12
8175 12
8176 14
8177 16
8178 2
8179 10
8180 2
8181 9
8182 12
8183 8
8184 2
8185 4
8186 13
8187 13
8188 4
8189 13
8190 11
8191 13
8192 2
8193 6
8194 6
8195 10
8196 14
8197 7
8198 7
8199 13
8200 8
8201 1
8202 9
8203 6
8204 26
8205 13
8206 16
8207 21
8208 16
8209 2
8210 12
8211 21
8212 12
8213 6
8214 2
8215 16
8216 2
8217 20
8218 7
8219 4
8220 7
8221 7
8222 2
8223 9
8224 4
8225 13
8226 6
8227 17
8228 22
8229 14
8230 6
8231 14
8232 8
8233 14
8234 19
8235 5
8236 21
8237 9
8238 10
8239 17
8240 12
8241 7
8242 6
8243 7
8244 7
8245 2
8246 3
8247 15
8248 6
8249 3
8250 6
8251 12
8252 1
8253 19
8254 7
8255 4
8256 8
8257 12
8258 15
8259 13
8260 16
8261 10
8262 5
8263 5
8264 13
8265 16
8266 17
8267 8
8268 8
8269 5
8270 19
8271 1
8272 25
8273 2
8274 7
8275 7
8276 8
8277 9
8278 4
8279 1
8280 4
8281 13
8282 12
8283 17
8284 13
8285 12
8286 22
8287 1
8288 2
8289 4
8290 11
8291 5
8292 22
8293 2
8294 18
8295 16
8296 20
8297 17
8298 14
8299 18
8300 6
8301 13
8302 2
8303 4
8304 9
8305 5
8306 9
8307 9
8308 12
8309 6
8310 9
8311 3
8312 8
8313 8
8314 1
8315 1
8316 11
8317 3
8318 16
8319 20
8320 4
8321 21
8322 10
8323 7
8324 7
8325 3
8326 16
8327 8
8328 4
8329 22
8330 15
8331 8
8332 3
8333 12
8334 6
8335 12
8336 5
8337 12
8338 7
8339 6
8340 23
8341 24
8342 7
8343 9
8344 4
8345 11
8346 12
8347 11
8348 15
8349 17
8350 9
8351 21
8352 5
8353 6
8354 6
8355 19
8356 1
8357 30
8358 7
8359 19
8360 14
8361 13
8362 9
8363 18
8364 13
8365 7
8366 7
8367 17
8368 8
8369 9
8370 16
8371 30
8372 2
8373 8
8374 10
8375 13
8376 2
8377 4
8378 12
8379 30
8380 1
8381 14
8382 5
8383 15
8384 2
8385 8
8386 22
8387 4
8388 8
8389 13
8390 4
8391 3
8392 23
8393 5
8394 1
8395 11
8396 25
8397 5
8398 2
8399 14
8400 8
8401 15
8402 16
8403 18
8404 5
8405 11
8406 2
8407 8
8408 19
8409 16
8410 21
8411 11
8412 12
8413 5
8414 8
8415 21
8416 12
8417 1
8418 2
8419 11
8420 23
8421 3
8422 14
8423 21
8424 4
8425 7
8426 8
8427 23
8428 17
8429 16
8430 11
8431 3
8432 19
8433 7
8434 2
8435 10
8436 10
8437 15
8438 2
8439 19
8440 16
8441 7
8442 6
8443 6
8444 13
8445 16
8446 18
8447 15
8448 6
8449 12
8450 8
8451 12
8452 2
8453 4
8454 16
8455 5
8456 9
8457 10
8458 10
8459 2
8460 9
8461 3
8462 15
8463 17
8464 11
8465 13
8466 2
8467 18
8468 6
8469 12
8470 1
8471 4
8472 22
8473 22
8474 13
8475 5
8476 9
8477 17
8478 4
8479 11
8480 6
8481 9
8482 8
8483 8
8484 6
8485 6
8486 3
8487 2
8488 14
8489 13
8490 14
8491 24
8492 14
8493 7
8494 12
8495 7
8496 5
8497 7
8498 10
8499 1
8500 2
8501 4
8502 7
8503 22
8504 17
8505 12
8506 6
8507 22
8508 6
8509 4
8510 5
8511 11
8512 13
8513 16
8514 10
8515 17
8516 20
8517 8
8518 6
8519 4
8520 14
8521 15
8522 6
8523 1
8524 10
8525 13
8526 4
8527 27
8528 12
8529 3
8530 3
8531 11
8532 11
8533 14
8534 8
8535 11
8536 16
8537 2
8538 6
8539 4
8540 15
8541 12
8542 10
8543 21
8544 5
8545 7
8546 12
8547 13
8548 14
8549 6
8550 17
8551 6
8552 15
8553 8
8554 19
8555 17
8556 29
8557 18
8558 13
8559 13
8560 6
8561 3
8562 19
8563 20
8564 6
8565 2
8566 1
8567 7
8568 18
8569 3
8570 11
8571 5
8572 21
8573 6
8574 5
8575 8
8576 11
8577 5
8578 6
8579 9
8580 13
8581 11
8582 6
8583 6
8584 11
8585 4
8586 15
8587 2
8588 17
8589 18
8590 22
8591 20
8592 10
8593 16
8594 4
8595 20
8596 2
8597 14
8598 4
8599 15
8600 6
8601 25
8602 16
8603 8
8604 3
8605 8
8606 3
8607 10
8608 3
8609 8
8610 17
8611 7
8612 2
8613 12
8614 6
8615 10
8616 14
8617 14
8618 11
8619 4
8620 4
8621 15
8622 20
8623 4
8624 1
8625 1
8626 8
8627 2
8628 8
8629 12
8630 13
8631 22
8632 21
8633 1
8634 11
8635 11
8636 5
8637 15
8638 15
8639 1
8640 1
8641 2
8642 2
8643 19
8644 17
8645 22
8646 8
8647 12
8648 19
8649 16
8650 4
8651 7
8652 10
8653 23
8654 13
8655 4
8656 16
8657 18
8658 11
8659 3
8660 4
8661 15
8662 5
8663 22
8664 26
8665 1
8666 14
8667 6
8668 16
8669 20
8670 16
8671 10
8672 7
8673 8
8674 19
8675 18
8676 12
8677 10
8678 17
8679 8
8680 4
8681 2
8682 23
8683 13
8684 7
8685 18
8686 2
8687 11
8688 5
8689 2
8690 5
8691 7
8692 7
8693 14
8694 16
8695 12
8696 11
8697 10
8698 1
8699 21
8700 4
8701 13
8702 18
8703 18
8704 15
8705 6
8706 10
8707 4
8708 8
8709 5
8710 6
8711 18
8712 8
8713 16
8714 12
8715 3
8716 16
8717 4
8718 3
8719 16
8720 11
8721 12
8722 18
8723 5
8724 6
8725 13
8726 21
8727 17
8728 18
8729 4
8730 4
8731 25
8732 13
8733 17
8734 13
8735 11
8736 8
8737 5
8738 6
8739 17
8740 13
8741 21
8742 7
8743 5
8744 11
8745 14
8746 14
8747 14
8748 6
8749 12
8750 2
8751 18
8752 1
8753 11
8754 7
8755 15
8756 8
8757 16
8758 10
8759 22
8760 9
8761 6
8762 4
8763 9
8764 5
8765 14
8766 8
8767 15
8768 14
8769 13
8770 15
8771 15
8772 19
8773 23
8774 22
8775 6
8776 18
8777 18
8778 7
8779 3
8780 11
8781 13
8782 23
8783 20
8784 9
8785 5
8786 17
8787 7
8788 25
8789 18
8790 21
8791 6
8792 5
8793 7
8794 6
8795 15
8796 12
8797 5
8798 4
8799 14
8800 10
8801 19
8802 2
8803 6
8804 15
8805 16
8806 18
8807 7
8808 1
8809 16
8810 5
8811 23
8812 8
8813 7
8814 4
8815 3
8816 4
8817 10
8818 15
8819 3
8820 4
8821 10
8822 2
8823 9
8824 14
8825 9
8826 8
8827 4
8828 10
8829 13
8830 20
8831 3
8832 1
8833 19
8834 22
8835 11
8836 14
8837 4
8838 17
8839 2
8840 14
8841 12
8842 12
8843 22
8844 10
8845 9
8846 11
8847 7
8848 11
8849 20
8850 12
8851 11
8852 15
8853 20
8854 5
8855 12
8856 19
8857 17
8858 21
8859 22
8860 2
8861 4
8862 20
8863 4
8864 9
8865 17
8866 9
8867 13
8868 1
8869 10
8870 10
8871 17
8872 4
8873 4
8874 7
8875 17
8876 11
8877 20
8878 12
8879 11
8880 20
8881 11
8882 3
8883 15
8884 13
8885 7
8886 19
8887 12
8888 19
8889 28
8890 6
8891 20
8892 7
8893 1
8894 15
8895 2
8896 17
8897 6
8898 8
8899 16
8900 12
8901 6
8902 8
8903 2
8904 11
8905 12
8906 9
8907 2
8908 5
8909 14
8910 17
8911 18
8912 11
8913 9
8914 7
8915 16
8916 21
8917 4
8918 13
8919 5
8920 6
8921 1
8922 4
8923 21
8924 17
8925 14
8926 7
8927 14
8928 18
8929 4
8930 15
8931 11
8932 5
8933 1
8934 17
8935 26
8936 6
8937 5
8938 16
8939 6
8940 14
8941 8
8942 4
8943 17
8944 21
8945 5
8946 8
8947 8
8948 2
8949 11
8950 15
8951 8
8952 5
8953 13
8954 6
8955 1
8956 19
8957 21
8958 8
8959 11
8960 10
8961 11
8962 9
8963 2
8964 11
8965 4
8966 7
8967 16
8968 9
8969 13
8970 10
8971 8
8972 16
8973 8
8974 19
8975 11
8976 4
8977 14
8978 27
8979 3
8980 1
8981 11
8982 9
8983 3
8984 13
8985 21
8986 14
8987 13
8988 22
8989 10
8990 18
8991 9
8992 5
8993 3
8994 9
8995 8
8996 10
8997 7
8998 9
8999 7
9000 9
9001 18
9002 4
9003 5
9004 19
9005 3
9006 15
9007 3
9008 9
9009 13
9010 24
9011 14
9012 14
9013 6
9014 7
9015 9
9016 3
9017 5
9018 20
9019 24
9020 4
9021 12
9022 22
9023 18
9024 13
9025 16
9026 18
9027 3
9028 8
9029 12
9030 14
9031 9
9032 14
9033 18
9034 14
9035 6
9036 15
9037 14
9038 13
9039 9
9040 8
9041 9
9042 5
9043 4
9044 10
9045 2
9046 12
9047 3
9048 8
9049 7
9050 12
9051 14
9052 10
9053 13
9054 6
9055 2
9056 4
9057 3
9058 9
9059 18
9060 20
9061 5
9062 10
9063 4
9064 5
9065 3
9066 14
9067 11
9068 8
9069 7
9070 1
9071 5
9072 4
9073 4
9074 3
9075 4
9076 13
9077 2
9078 5
9079 7
9080 19
9081 8
9082 18
9083 14
9084 15
9085 23
9086 12
9087 4
9088 3
9089 8
9090 10
9091 3
9092 36
9093 2
9094 13
9095 20
9096 13
9097 8
9098 5
9099 15
9100 5
9101 15
9102 4
9103 17
9104 24
9105 10
9106 3
9107 7
9108 9
9109 13
9110 9
9111 1
9112 10
9113 7
9114 1
9115 6
9116 18
9117 16
9118 14
9119 3
9120 10
9121 14
9122 16
9123 1
9124 7
9125 5
9126 9
9127 1
9128 8
9129 12
9130 12
9131 1
9132 14
9133 7
9134 1
9135 13
9136 18
9137 10
9138 15
9139 10
9140 19
9141 7
9142 15
9143 18
9144 16
9145 7
9146 4
9147 19
9148 7
9149 1
9150 4
9151 5
9152 15
9153 16
9154 2
9155 18
9156 8
9157 3
9158 15
9159 15
9160 3
9161 4
9162 7
9163 1
9164 14
9165 15
9166 14
9167 7
9168 6
9169 3
9170 4
9171 18
9172 16
9173 8
9174 5
9175 12
9176 10
9177 9
9178 13
9179 1
9180 3
9181 16
9182 19
9183 17
9184 18
9185 4
9186 8
9187 6
9188 4
9189 18
9190 1
9191 11
9192 3
9193 4
9194 17
9195 20
9196 11
9197 14
9198 4
9199 5
9200 8
9201 16
9202 2
9203 18
9204 10
9205 7
9206 12
9207 20
9208 5
9209 11
9210 11
9211 11
9212 7
9213 5
9214 4
9215 9
9216 9
9217 11
9218 4
9219 20
9220 14
9221 7
9222 12
9223 20
9224 25
9225 14
9226 17
9227 3
9228 12
9229 21
9230 9
9231 7
9232 18
9233 20
9234 19
9235 13
9236 9
9237 18
9238 7
9239 19
9240 19
9241 5
9242 10
9243 10
9244 15
9245 9
9246 4
9247 3
9248 6
9249 5
9250 12
9251 9
9252 17
9253 6
9254 11
9255 21
9256 12
9257 9
9258 5
9259 13
9260 3
9261 10
9262 4
9263 2
9264 17
9265 11
9266 9
9267 13
9268 6
9269 15
9270 8
9271 22
9272 8
9273 10
9274 9
9275 6
9276 4
9277 10
9278 20
9279 12
9280 17
9281 9
9282 1
9283 13
9284 16
9285 14
9286 13
9287 5
9288 13
9289 1
9290 1
9291 8
9292 5
9293 15
9294 9
9295 1
9296 13
9297 3
9298 11
9299 11
9300 13
9301 12
9302 2
9303 9
9304 16
9305 19
9306 9
9307 8
9308 10
9309 3
9310 16
9311 20
9312 13
9313 4
9314 2
9315 8
9316 12
9317 7
9318 7
9319 8
9320 3
9321 5
9322 13
9323 5
9324 2
9325 5
9326 9
9327 11
9328 5
9329 16
9330 5
9331 1
9332 5
9333 13
9334 18
9335 7
9336 23
9337 9
9338 23
9339 22
9340 17
9341 19
9342 1
9343 7
9344 19
9345 9
9346 1
9347 16
9348 7
9349 6
9350 1
9351 7
9352 11
9353 19
9354 14
9355 14
9356 9
9357 28
9358 4
9359 2
9360 13
9361 4
9362 4
9363 26
9364 24
9365 2
9366 19
9367 18
9368 3
9369 7
9370 15
9371 8
9372 19
9373 10
9374 18
9375 6
9376 2
9377 12
9378 1
9379 3
9380 20
9381 16
9382 11
9383 19
9384 3
9385 8
9386 9
9387 3
9388 21
9389 23
9390 5
9391 21
9392 9
9393 9
9394 21
9395 15
9396 14
9397 11
9398 7
9399 11
9400 2
9401 7
9402 5
9403 8
9404 10
9405 9
9406 2
9407 2
9408 27
9409 7
9410 18
9411 15
9412 8
9413 11
9414 14
9415 5
9416 2
9417 5
9418 22
9419 12
9420 6
9421 17
9422 8
9423 18
9424 19
9425 3
9426 4
9427 10
9428 1
9429 1
9430 2
9431 6
9432 13
9433 14
9434 18
9435 5
9436 14
9437 9
9438 13
9439 12
9440 13
9441 1
9442 19
9443 13
9444 17
9445 12
9446 2
9447 8
9448 2
9449 3
9450 6
9451 21
9452 6
9453 15
9454 6
9455 6
9456 16
9457 17
9458 1
9459 4
9460 9
9461 15
9462 12
9463 15
9464 8
9465 18
9466 22
9467 4
9468 15
9469 11
9470 11
9471 3
9472 17
9473 1
9474 13
9475 13
9476 7
9477 25
9478 14
9479 10
9480 4
9481 15
9482 9
9483 7
9484 12
9485 24
9486 2
9487 6
9488 18
9489 11
9490 4
9491 3
9492 9
9493 8
9494 13
9495 1
9496 4
9497 7
9498 20
9499 2
9500 5
9501 13
9502 8
9503 22
9504 14
9505 3
9506 9
9507 4
9508 14
9509 2
9510 4
9511 1
9512 13
9513 11
9514 20
9515 20
9516 18
9517 5
9518 16
9519 2
9520 13
9521 17
9522 8
9523 19
9524 14
9525 12
9526 21
9527 20
9528 10
9529 10
9530 5
9531 16
9532 6
9533 12
9534 1
9535 17
9536 14
9537 8
9538 17
9539 7
9540 27
9541 14
9542 9
9543 5
9544 15
9545 6
9546 2
9547 17
9548 8
9549 24
9550 19
9551 17
9552 2
9553 2
9554 19
9555 16
9556 3
9557 28
9558 10
9559 2
9560 10
9561 1
9562 28
9563 17
9564 1
9565 3
9566 11
9567 11
9568 12
9569 14
9570 2
9571 8
9572 14
9573 14
9574 8
9575 31
9576 4
9577 2
9578 4
9579 4
9580 11
9581 10
9582 2
9583 13
9584 10
9585 5
9586 6
9587 15
9588 21
9589 3
9590 13
9591 1
9592 18
9593 1
9594 26
9595 16
9596 8
9597 11
9598 13
9599 5
9600 5
9601 8
9602 8
9603 5
9604 14
9605 7
9606 15
9607 21
9608 13
9609 2
9610 12
9611 15
9612 13
9613 4
9614 13
9615 7
9616 16
9617 3
9618 14
9619 22
9620 1
9621 7
9622 4
9623 11
9624 8
9625 3
9626 10
9627 18
9628 18
9629 20
9630 12
9631 5
9632 2
9633 15
9634 18
9635 5
9636 16
9637 20
9638 14
9639 3
9640 13
9641 3
9642 2
9643 1
9644 10
9645 9
9646 2
9647 24
9648 7
9649 15
9650 8
9651 8
9652 6
9653 8
9654 14
9655 12
9656 15
9657 6
9658 2
9659 7
9660 18
9661 9
9662 24
9663 2
9664 6
9665 5
9666 19
9667 3
9668 1
9669 18
9670 3
9671 1
9672 4
9673 1
9674 19
9675 16
9676 7
9677 14
9678 10
9679 3
9680 3
9681 18
9682 20
9683 16
9684 14
9685 15
9686 5
9687 5
9688 9
9689 2
9690 13
9691 6
9692 16
9693 9
9694 11
9695 7
9696 15
9697 20
9698 15
9699 2
9700 7
9701 18
9702 12
9703 4
9704 2
9705 13
9706 13
9707 3
9708 1
9709 12
9710 4
9711 9
9712 16
9713 3
9714 9
9715 3
9716 11
9717 16
9718 9
9719 7
9720 1
9721 1
9722 17
9723 4
9724 27
9725 5
9726 16
9727 17
9728 7
9729 8
9730 16
9731 4
9732 21
9733 3
9734 12
9735 13
9736 5
9737 13
9738 11
9739 8
9740 19
9741 3
9742 4
9743 26
9744 15
9745 14
9746 11
9747 5
9748 3
9749 2
9750 16
9751 13
9752 6
9753 9
9754 2
9755 7
9756 12
9757 6
9758 5
9759 12
9760 13
9761 12
9762 5
9763 12
9764 17
9765 7
9766 2
9767 4
9768 15
9769 8
9770 11
9771 11
9772 7
9773 7
9774 10
9775 4
9776 9
9777 1
9778 9
9779 6
9780 3
9781 23
9782 21
9783 7
9784 11
9785 12
9786 11
9787 17
9788 10
9789 6
9790 2
9791 12
9792 9
9793 7
9794 20
9795 6
9796 8
9797 10
9798 23
9799 20
9800 1
9801 19
9802 3
9803 8
9804 17
9805 8
9806 10
9807 5
9808 3
9809 6
9810 5
9811 4
9812 18
9813 4
9814 13
9815 10
9816 16
9817 6
9818 2
9819 16
9820 14
9821 20
9822 11
9823 11
9824 6
9825 6
9826 22
9827 9
9828 7
9829 4
9830 3
9831 10
9832 1
9833 12
9834 10
9835 12
9836 5
9837 9
9838 22
9839 5
9840 10
9841 20
9842 12
9843 6
9844 1
9845 4
9846 11
9847 13
9848 13
9849 12
9850 7
9851 7
9852 15
9853 3
9854 12
9855 1
9856 13
9857 5
9858 8
9859 3
9860 9
9861 18
9862 8
9863 12
9864 17
9865 3
9866 1
9867 11
9868 18
9869 6
9870 16
9871 8
9872 15
9873 8
9874 1
9875 3
9876 7
9877 3
9878 5
9879 10
9880 9
9881 7
9882 3
9883 11
9884 2
9885 6
9886 11
9887 17
9888 18
9889 19
9890 8
9891 12
9892 3
9893 16
9894 1
9895 2
9896 2
9897 8
9898 4
9899 9
9900 30
9901 13
9902 8
9903 11
9904 12
9905 4
9906 26
9907 7
9908 6
9909 19
9910 9
9911 1
9912 5
9913 14
9914 15
9915 15
9916 2
9917 5
9918 7
9919 9
9920 13
9921 10
9922 12
9923 16
9924 7
9925 1
9926 2
9927 1
9928 3
9929 7
9930 2
9931 9
9932 14
9933 8
9934 15
9935 3
9936 3
9937 8
9938 11
9939 9
9940 12
9941 1
9942 10
9943 15
9944 10
9945 2
9946 1
9947 23
9948 16
9949 20
9950 20
9951 5
9952 20
9953 13
9954 9
9955 9
9956 10
9957 2
9958 13
9959 3
9960 24
9961 14
9962 22
9963 8
9964 14
9965 22
9966 11
9967 9
9968 18
9969 12
9970 6
9971 25
9972 10
9973 1
9974 7
9975 11
9976 30
9977 20
9978 9
9979 9
9980 2
9981 3
9982 10
9983 2
9984 7
9985 18
9986 1
9987 8
9988 2
9989 8
9990 8
9991 9
9992 10
9993 5
9994 9
9995 19
9996 12
9997 15
9998 8
9999 17
