0 20
1 8
2 16
3 4
4 9
5 19
6 18
7 3
8 5
9 17
10 10
11 15
12 9
13 13
14 8
15 17
16 22
17 25
18 4
19 5
20 9
21 21
22 5
23 9
24 12
25 3
26 12
27 15
28 20
29 6
30 17
31 14
32 15
33 19
34 13
35 16
36 12
37 5
38 1
39 5
40 4
41 8
42 19
43 20
44 5
45 11
46 3
47 9
48 7
49 13
50 15
51 2
52 5
53 12
54 2
55 16
56 13
57 12
58 4
59 11
60 9
61 9
62 18
63 17
64 12
65 2
66 14
67 9
68 16
69 6
70 7
71 16
72 21
73 1
74 3
75 4
76 19
77 7
78 16
79 13
80 15
81 8
82 2
83 12
84 5
85 15
86 20
87 2
88 16
89 1
90 19
91 6
92 19
93 17
94 3
95 12
96 8
97 12
98 14
99 5
100 12
101 20
102 5
103 13
104 6
105 12
106 8
107 16
108 2
109 2
110 5
111 12
112 14
113 14
114 12
115 9
116 18
117 17
118 17
119 4
120 16
121 5
122 8
123 15
124 7
125 17
126 9
127 4
128 2
129 24
130 20
131 4
132 14
133 5
134 19
135 6
136 14
137 9
138 20
139 2
140 7
141 12
142 2
143 15
144 3
145 16
146 12
147 14
148 6
149 7
150 21
151 15
152 13
153 4
154 22
155 21
156 2
157 5
158 22
159 9
160 11
161 10
162 4
163 23
164 17
165 6
166 5
167 19
168 4
169 10
170 1
171 18
172 8
173 1
174 1
175 9
176 10
177 13
178 13
179 10
180 15
181 20
182 1
183 6
184 1
185 6
186 4
187 6
188 6
189 21
190 17
191 8
192 8
193 8
194 17
195 18
196 11
197 14
198 14
199 13
200 11
201 5
202 3
203 12
204 22
205 8
206 6
207 1
208 11
209 5
210 13
211 8
212 3
213 11
214 16
215 1
216 6
217 16
218 4
219 9
220 10
221 4
222 12
223 1
224 12
225 5
226 16
227 20
228 2
229 16
230 16
231 2
232 1
233 6
234 1
235 17
236 19
237 8
238 4
239 5
240 8
241 1
242 11
243 6
244 17
245 12
246 9
247 2
248 18
249 12
250 9
251 14
252 14
253 18
254 3
255 1
256 16
257 16
258 2
259 14
260 11
261 1
262 10
263 15
264 5
265 10
266 6
267 22
268 8
269 14
270 5
271 22
272 4
273 19
274 15
275 16
276 2
277 18
278 11
279 3
280 10
281 21
282 10
283 16
284 4
285 1
286 14
287 19
288 16
289 16
290 16
291 7
292 13
293 1
294 14
295 7
296 7
297 11
298 11
299 9
300 18
301 8
302 7
303 10
304 22
305 17
306 6
307 16
308 6
309 18
310 15
311 5
312 9
313 21
314 9
315 22
316 10
317 8
318 18
319 13
320 10
321 13
322 1
323 23
324 9
325 17
326 18
327 3
328 12
329 7
330 7
331 4
332 1
333 9
334 21
335 9
336 22
337 9
338 9
339 17
340 2
341 5
342 21
343 4
344 16
345 16
346 5
347 16
348 1
349 10
350 12
351 13
352 5
353 20
354 7
355 19
356 15
357 9
358 12
359 2
360 5
361 17
362 9
363 11
364 7
365 11
366 4
367 3
368 23
369 1
370 4
371 17
372 1
373 11
374 3
375 16
376 4
377 2
378 17
379 10
380 9
381 2
382 5
383 2
384 10
385 22
386 8
387 3
388 21
389 8
390 21
391 13
392 22
393 18
394 18
395 10
396 3
397 14
398 5
399 16
400 21
401 4
402 7
403 9
404 12
405 18
406 1
407 8
408 4
409 1
410 2
411 10
412 10
413 8
414 10
415 19
416 1
417 25
418 12
419 6
420 21
421 22
422 12
423 1
424 19
425 10
426 9
427 6
428 15
429 17
430 18
431 3
432 12
433 16
434 20
435 15
436 20
437 12
438 19
439 15
440 7
441 19
442 12
443 15
444 18
445 17
446 6
447 16
448 10
449 10
450 2
451 2
452 17
453 15
454 8
455 20
456 4
457 7
458 22
459 11
460 19
461 3
462 13
463 1
464 8
465 7
466 17
467 18
468 20
469 16
470 17
471 3
472 16
473 16
474 3
475 14
476 12
477 5
478 16
479 11
480 10
481 10
482 6
483 1
484 2
485 13
486 6
487 19
488 12
489 10
490 18
491 20
492 9
493 9
494 16
495 19
496 7
497 22
498 14
499 11
500 11
501 20
502 3
503 5
504 23
505 19
506 11
507 7
508 8
509 12
510 3
511 18
512 18
513 6
514 16
515 20
516 20
517 4
518 3
519 17
520 9
521 22
522 13
523 6
524 11
525 20
526 3
527 7
528 7
529 9
530 13
531 3
532 9
533 14
534 18
535 11
536 2
537 5
538 6
539 12
540 16
541 20
542 8
543 17
544 13
545 6
546 6
547 8
548 13
549 1
550 11
551 20
552 5
553 20
554 5
555 17
556 18
557 9
558 6
559 13
560 17
561 18
562 21
563 8
564 16
565 13
566 16
567 8
568 14
569 23
570 8
571 1
572 7
573 20
574 19
575 11
576 2
577 3
578 18
579 13
580 17
581 16
582 14
583 11
584 11
585 20
586 8
587 12
588 2
589 20
590 3
591 19
592 15
593 6
594 18
595 13
596 18
597 15
598 3
599 2
600 2
601 7
602 12
603 19
604 17
605 7
606 16
607 12
608 21
609 2
610 10
611 6
612 3
613 6
614 15
615 5
616 12
617 12
618 10
619 13
620 18
621 11
622 2
623 23
624 8
625 21
626 19
627 19
628 6
629 4
630 12
631 1
632 16
633 4
634 20
635 12
636 16
637 5
638 1
639 18
640 5
641 21
642 4
643 9
644 8
645 3
646 15
647 18
648 5
649 27
650 14
651 11
652 8
653 11
654 11
655 20
656 8
657 5
658 8
659 9
660 8
661 7
662 4
663 5
664 10
665 12
666 16
667 17
668 9
669 19
670 16
671 21
672 8
673 22
674 14
675 15
676 8
677 13
678 17
679 13
680 18
681 19
682 3
683 11
684 23
685 10
686 2
687 4
688 5
689 11
690 13
691 4
692 21
693 3
694 20
695 4
696 2
697 4
698 23
699 9
700 9
701 6
702 7
703 18
704 18
705 14
706 19
707 17
708 16
709 20
710 7
711 18
712 6
713 1
714 9
715 3
716 17
717 16
718 1
719 8
720 16
721 12
722 16
723 10
724 15
725 12
726 7
727 22
728 20
729 4
730 2
731 18
732 3
733 9
734 18
735 18
736 5
737 8
738 9
739 6
740 17
741 20
742 7
743 16
744 2
745 14
746 6
747 15
748 19
749 23
750 18
751 2
752 10
753 5
754 7
755 18
756 5
757 15
758 1
759 1
760 16
761 2
762 14
763 17
764 5
765 6
766 14
767 16
768 4
769 14
770 10
771 3
772 5
773 9
774 8
775 11
776 8
777 6
778 21
779 23
780 9
781 4
782 15
783 23
784 15
785 15
786 3
787 1
788 7
789 13
790 19
791 11
792 11
793 2
794 1
795 20
796 12
797 21
798 6
799 4
800 7
801 3
802 6
803 13
804 2
805 2
806 2
807 6
808 17
809 5
810 12
811 9
812 7
813 11
814 2
815 1
816 10
817 21
818 20
819 10
820 11
821 22
822 10
823 1
824 1
825 15
826 5
827 6
828 8
829 13
830 7
831 18
832 10
833 10
834 8
835 1
836 14
837 18
838 11
839 14
840 16
841 13
842 14
843 3
844 1
845 4
846 19
847 18
848 20
849 17
850 14
851 1
852 2
853 20
854 14
855 3
856 15
857 11
858 8
859 5
860 16
861 14
862 1
863 13
864 9
865 10
866 2
867 14
868 12
869 17
870 11
871 1
872 22
873 11
874 12
875 22
876 12
877 1
878 1
879 12
880 12
881 9
882 13
883 22
884 3
885 18
886 1
887 17
888 18
889 21
890 20
891 13
892 6
893 10
894 13
895 10
896 19
897 15
898 19
899 1
900 8
901 3
902 14
903 6
904 10
905 3
906 9
907 17
908 12
909 12
910 21
911 20
912 11
913 5
914 10
915 7
916 16
917 11
918 15
919 8
920 9
921 12
922 1
923 1
924 5
925 3
926 14
927 17
928 13
929 18
930 15
931 4
932 16
933 16
934 11
935 10
936 3
937 13
938 26
939 5
940 11
941 3
942 13
943 7
944 10
945 15
946 6
947 10
948 5
949 5
950 12
951 10
952 10
953 3
954 4
955 9
956 24
957 1
958 17
959 9
960 20
961 11
962 19
963 19
964 17
965 11
966 17
967 17
968 18
969 17
970 19
971 22
972 16
973 17
974 15
975 9
976 3
977 16
978 1
979 10
980 1
981 4
982 18
983 19
984 12
985 14
986 11
987 10
988 13
989 13
990 6
991 21
992 2
993 25
994 14
995 7
996 15
997 15
998 3
999 4
1000 20
1001 23
1002 6
1003 20
1004 12
1005 19
1006 5
1007 2
1008 6
1009 1
1010 15
1011 13
1012 17
1013 5
1014 4
1015 4
1016 13
1017 19
1018 13
1019 11
1020 16
1021 8
1022 5
1023 19
1024 11
1025 14
1026 2
1027 8
1028 13
1029 1
1030 7
1031 2
1032 11
1033 12
1034 3
1035 5
1036 10
1037 20
1038 9
1039 5
1040 12
1041 21
1042 6
1043 20
1044 12
1045 5
1046 1
1047 18
1048 3
1049 4
1050 2
1051 3
1052 4
1053 17
1054 2
1055 6
1056 10
1057 24
1058 7
1059 11
1060 8
1061 5
1062 13
1063 8
1064 13
1065 19
1066 12
1067 24
1068 17
1069 20
1070 21
1071 4
1072 6
1073 21
1074 6
1075 2
1076 2
1077 8
1078 14
1079 6
1080 11
1081 22
1082 10
1083 1
1084 14
1085 12
1086 19
1087 19
1088 8
1089 18
1090 2
1091 12
1092 17
1093 3
1094 12
1095 18
1096 11
1097 8
1098 16
1099 11
1100 2
1101 20
1102 19
1103 1
1104 11
1105 18
1106 18
1107 9
1108 16
1109 9
1110 17
1111 19
1112 13
1113 8
1114 9
1115 8
1116 15
1117 10
1118 1
1119 5
1120 18
1121 9
1122 4
1123 16
1124 22
1125 20
1126 3
1127 2
1128 18
1129 17
1130 21
1131 7
1132 15
1133 8
1134 4
1135 21
1136 4
1137 19
1138 20
1139 11
1140 12
1141 16
1142 18
1143 19
1144 9
1145 21
1146 4
1147 9
1148 8
1149 12
1150 20
1151 18
1152 14
1153 20
1154 11
1155 15
1156 18
1157 5
1158 5
1159 2
1160 15
1161 13
1162 15
1163 12
1164 23
1165 13
1166 18
1167 9
1168 11
1169 11
1170 19
1171 15
1172 7
1173 6
1174 14
1175 11
1176 8
1177 5
1178 5
1179 4
1180 7
1181 3
1182 21
1183 16
1184 7
1185 6
1186 15
1187 20
1188 8
1189 15
1190 12
1191 5
1192 11
1193 16
1194 5
1195 20
1196 10
1197 16
1198 12
1199 1
1200 14
1201 9
1202 3
1203 21
1204 13
1205 20
1206 4
1207 10
1208 2
1209 15
1210 22
1211 1
1212 14
1213 5
1214 15
1215 2
1216 2
1217 16
1218 13
1219 20
1220 17
1221 16
1222 17
1223 3
1224 19
1225 20
1226 19
1227 15
1228 22
1229 3
1230 8
1231 22
1232 9
1233 16
1234 1
1235 19
1236 1
1237 13
1238 7
1239 11
1240 8
1241 12
1242 14
1243 8
1244 7
1245 15
1246 7
1247 15
1248 17
1249 12
1250 15
1251 3
1252 15
1253 14
1254 2
1255 22
1256 16
1257 9
1258 15
1259 7
1260 2
1261 11
1262 14
1263 8
1264 7
1265 13
1266 19
1267 14
1268 16
1269 8
1270 10
1271 4
1272 17
1273 11
1274 5
1275 6
1276 4
1277 17
1278 12
1279 21
1280 1
1281 13
1282 19
1283 8
1284 15
1285 13
1286 9
1287 3
1288 9
1289 2
1290 16
1291 3
1292 5
1293 25
1294 22
1295 18
1296 24
1297 26
1298 16
1299 16
1300 14
1301 10
1302 6
1303 2
1304 11
1305 7
1306 5
1307 7
1308 19
1309 12
1310 15
1311 3
1312 12
1313 18
1314 5
1315 21
1316 13
1317 3
1318 2
1319 23
1320 23
1321 10
1322 8
1323 2
1324 6
1325 20
1326 6
1327 11
1328 11
1329 19
1330 13
1331 4
1332 11
1333 16
1334 3
1335 5
1336 20
1337 10
1338 19
1339 5
1340 13
1341 9
1342 17
1343 8
1344 18
1345 22
1346 9
1347 8
1348 19
1349 20
1350 9
1351 17
1352 12
1353 18
1354 9
1355 5
1356 19
1357 10
1358 12
1359 2
1360 3
1361 9
1362 16
1363 17
1364 5
1365 14
1366 7
1367 17
1368 5
1369 19
1370 10
1371 9
1372 24
1373 1
1374 12
1375 17
1376 16
1377 6
1378 3
1379 17
1380 19
1381 1
1382 5
1383 3
1384 8
1385 1
1386 16
1387 16
1388 7
1389 18
1390 11
1391 8
1392 14
1393 14
1394 11
1395 8
1396 3
1397 6
1398 22
1399 5
1400 2
1401 10
1402 19
1403 3
1404 15
1405 8
1406 3
1407 16
1408 1
1409 16
1410 8
1411 14
1412 7
1413 11
1414 4
1415 7
1416 2
1417 15
1418 14
1419 10
1420 6
1421 11
1422 9
1423 15
1424 8
1425 1
1426 9
1427 14
1428 4
1429 18
1430 19
1431 2
1432 3
1433 14
1434 6
1435 3
1436 5
1437 13
1438 14
1439 2
1440 4
1441 7
1442 3
1443 15
1444 14
1445 4
1446 12
1447 15
1448 14
1449 5
1450 5
1451 9
1452 3
1453 14
1454 15
1455 13
1456 14
1457 18
1458 1
1459 18
1460 16
1461 14
1462 15
1463 24
1464 15
1465 6
1466 17
1467 15
1468 2
1469 13
1470 19
1471 19
1472 8
1473 21
1474 13
1475 14
1476 13
1477 4
1478 14
1479 6
1480 1
1481 8
1482 8
1483 9
1484 13
1485 18
1486 5
1487 14
1488 10
1489 17
1490 4
1491 7
1492 5
1493 16
1494 19
1495 9
1496 17
1497 22
1498 13
1499 1
1500 10
1501 7
1502 16
1503 13
1504 16
1505 3
1506 18
1507 15
1508 21
1509 9
1510 8
1511 19
1512 10
1513 20
1514 22
1515 5
1516 22
1517 5
1518 11
1519 11
1520 21
1521 12
1522 1
1523 20
1524 11
1525 12
1526 12
1527 7
1528 19
1529 9
1530 1
1531 10
1532 12
1533 16
1534 19
1535 1
1536 2
1537 13
1538 10
1539 10
1540 8
1541 10
1542 16
1543 12
1544 4
1545 11
1546 5
1547 3
1548 15
1549 17
1550 10
1551 9
1552 20
1553 18
1554 13
1555 18
1556 8
1557 8
1558 13
1559 8
1560 1
1561 2
1562 13
1563 10
1564 9
1565 9
1566 7
1567 1
1568 8
1569 12
1570 19
1571 5
1572 18
1573 16
1574 20
1575 15
1576 9
1577 6
1578 3
1579 7
1580 20
1581 1
1582 13
1583 12
1584 4
1585 19
1586 8
1587 8
1588 6
1589 10
1590 17
1591 3
1592 1
1593 9
1594 16
1595 5
1596 10
1597 14
1598 15
1599 1
1600 5
1601 2
1602 6
1603 12
1604 1
1605 18
1606 5
1607 18
1608 15
1609 2
1610 1
1611 8
1612 23
1613 2
1614 2
1615 4
1616 7
1617 11
1618 8
1619 16
1620 4
1621 23
1622 12
1623 3
1624 4
1625 7
1626 4
1627 10
1628 19
1629 10
1630 9
1631 15
1632 12
1633 16
1634 6
1635 3
1636 16
1637 5
1638 7
1639 2
1640 2
1641 2
1642 11
1643 6
1644 6
1645 11
1646 18
1647 17
1648 18
1649 15
1650 10
1651 10
1652 4
1653 5
1654 15
1655 9
1656 4
1657 11
1658 7
1659 4
1660 5
1661 19
1662 19
1663 15
1664 4
1665 5
1666 1
1667 6
1668 8
1669 3
1670 13
1671 6
1672 12
1673 15
1674 13
1675 12
1676 12
1677 10
1678 5
1679 3
1680 12
1681 9
1682 8
1683 13
1684 14
1685 18
1686 10
1687 3
1688 22
1689 17
1690 5
1691 16
1692 19
1693 4
1694 14
1695 2
1696 12
1697 2
1698 13
1699 5
1700 19
1701 15
1702 11
1703 24
1704 11
1705 10
1706 19
1707 8
1708 8
1709 12
1710 5
1711 22
1712 13
1713 20
1714 11
1715 9
1716 20
1717 9
1718 14
1719 6
1720 11
1721 5
1722 8
1723 16
1724 14
1725 1
1726 11
1727 21
1728 9
1729 7
1730 7
1731 10
1732 6
1733 9
1734 19
1735 21
1736 5
1737 5
1738 24
1739 6
1740 18
1741 20
1742 2
1743 4
1744 9
1745 3
1746 16
1747 20
1748 22
1749 13
1750 13
1751 6
1752 5
1753 9
1754 10
1755 2
1756 7
1757 18
1758 21
1759 2
1760 12
1761 15
1762 4
1763 1
1764 10
1765 7
1766 1
1767 16
1768 19
1769 13
1770 7
1771 14
1772 15
1773 8
1774 10
1775 11
1776 8
1777 3
1778 3
1779 3
1780 3
1781 14
1782 14
1783 16
1784 3
1785 16
1786 5
1787 10
1788 9
1789 10
1790 11
1791 8
1792 13
1793 6
1794 5
1795 9
1796 11
1797 7
1798 5
1799 6
1800 1
1801 20
1802 17
1803 9
1804 3
1805 3
1806 1
1807 5
1808 17
1809 10
1810 4
1811 14
1812 1
1813 13
1814 10
1815 15
1816 15
1817 9
1818 6
1819 15
1820 4
1821 7
1822 25
1823 11
1824 13
1825 12
1826 3
1827 12
1828 6
1829 21
1830 6
1831 14
1832 2
1833 21
1834 16
1835 7
1836 23
1837 1
1838 18
1839 11
1840 13
1841 5
1842 20
1843 21
1844 2
1845 19
1846 5
1847 17
1848 21
1849 2
1850 6
1851 12
1852 7
1853 3
1854 17
1855 10
1856 21
1857 8
1858 12
1859 6
1860 1
1861 9
1862 8
1863 5
1864 21
1865 18
1866 12
1867 6
1868 23
1869 20
1870 11
1871 20
1872 17
1873 20
1874 10
1875 1
1876 11
1877 20
1878 7
1879 14
1880 2
1881 14
1882 24
1883 16
1884 15
1885 3
1886 2
1887 7
1888 2
1889 16
1890 22
1891 16
1892 8
1893 12
1894 19
1895 11
1896 16
1897 12
1898 15
1899 11
1900 3
1901 24
1902 6
1903 18
1904 4
1905 14
1906 7
1907 16
1908 8
1909 19
1910 7
1911 4
1912 13
1913 16
1914 16
1915 12
1916 5
1917 2
1918 4
1919 16
1920 12
1921 12
1922 18
1923 7
1924 20
1925 5
1926 3
1927 19
1928 1
1929 3
1930 3
1931 18
1932 14
1933 3
1934 2
1935 2
1936 8
1937 6
1938 8
1939 19
1940 14
1941 10
1942 20
1943 22
1944 21
1945 21
1946 10
1947 10
1948 7
1949 9
1950 13
1951 18
1952 10
1953 9
1954 9
1955 20
1956 6
1957 15
1958 2
1959 6
1960 7
1961 3
1962 1
1963 11
1964 20
1965 14
1966 18
1967 16
1968 9
1969 6
1970 15
1971 11
1972 19
1973 17
1974 20
1975 4
1976 18
1977 19
1978 11
1979 12
1980 18
1981 12
1982 1
1983 16
1984 15
1985 16
1986 11
1987 13
1988 2
1989 5
1990 15
1991 19
1992 4
1993 11
1994 14
1995 3
1996 7
1997 15
1998 16
1999 12
2000 4
2001 4
2002 17
2003 5
2004 3
2005 20
2006 22
2007 8
2008 3
2009 10
2010 14
2011 23
2012 19
2013 7
2014 8
2015 11
2016 17
2017 5
2018 3
2019 12
2020 7
2021 9
2022 17
2023 14
2024 2
2025 12
2026 15
2027 17
2028 16
2029 13
2030 7
2031 12
2032 1
2033 16
2034 8
2035 15
2036 13
2037 20
2038 10
2039 7
2040 22
2041 15
2042 9
2043 11
2044 17
2045 1
2046 18
2047 19
2048 6
2049 5
2050 18
2051 6
2052 3
2053 15
2054 13
2055 1
2056 20
2057 11
2058 6
2059 21
2060 7
2061 7
2062 13
2063 13
2064 20
2065 9
2066 13
2067 13
2068 3
2069 19
2070 11
2071 7
2072 14
2073 1
2074 18
2075 19
2076 1
2077 11
2078 12
2079 17
2080 1
2081 12
2082 20
2083 13
2084 2
2085 1
2086 2
2087 14
2088 14
2089 16
2090 20
2091 18
2092 6
2093 5
2094 11
2095 14
2096 16
2097 6
2098 16
2099 17
2100 10
2101 9
2102 9
2103 23
2104 22
2105 6
2106 13
2107 14
2108 12
2109 7
2110 12
2111 11
2112 6
2113 11
2114 19
2115 10
2116 5
2117 17
2118 16
2119 7
2120 4
2121 17
2122 1
2123 4
2124 15
2125 10
2126 16
2127 16
2128 10
2129 7
2130 10
2131 12
2132 14
2133 14
2134 6
2135 14
2136 21
2137 10
2138 17
2139 8
2140 10
2141 18
2142 18
2143 11
2144 10
2145 1
2146 12
2147 17
2148 7
2149 8
2150 18
2151 3
2152 16
2153 12
2154 10
2155 9
2156 17
2157 16
2158 15
2159 1
2160 11
2161 16
2162 19
2163 24
2164 7
2165 9
2166 2
2167 15
2168 22
2169 19
2170 12
2171 13
2172 9
2173 12
2174 3
2175 10
2176 2
2177 2
2178 15
2179 19
2180 5
2181 13
2182 20
2183 5
2184 16
2185 5
2186 20
2187 19
2188 4
2189 16
2190 16
2191 19
2192 7
2193 3
2194 7
2195 14
2196 18
2197 10
2198 7
2199 5
2200 15
2201 6
2202 7
2203 15
2204 18
2205 8
2206 21
2207 6
2208 5
2209 1
2210 5
2211 2
2212 15
2213 6
2214 4
2215 18
2216 15
2217 4
2218 8
2219 11
2220 15
2221 7
2222 7
2223 27
2224 11
2225 9
2226 10
2227 14
2228 3
2229 13
2230 4
2231 17
2232 22
2233 21
2234 4
2235 9
2236 17
2237 1
2238 16
2239 6
2240 6
2241 26
2242 16
2243 15
2244 15
2245 12
2246 2
2247 4
2248 22
2249 4
2250 11
2251 8
2252 10
2253 6
2254 14
2255 3
2256 1
2257 3
2258 6
2259 6
2260 21
2261 19
2262 19
2263 20
2264 9
2265 10
2266 24
2267 17
2268 13
2269 23
2270 9
2271 15
2272 16
2273 18
2274 16
2275 18
2276 20
2277 14
2278 22
2279 22
2280 6
2281 2
2282 2
2283 19
2284 6
2285 1
2286 9
2287 11
2288 1
2289 11
2290 4
2291 6
2292 15
2293 8
2294 12
2295 6
2296 4
2297 8
2298 3
2299 20
2300 7
2301 10
2302 7
2303 3
2304 4
2305 11
2306 15
2307 8
2308 2
2309 8
2310 20
2311 20
2312 1
2313 11
2314 13
2315 20
2316 12
2317 16
2318 12
2319 16
2320 15
2321 20
2322 6
2323 17
2324 12
2325 10
2326 16
2327 18
2328 4
2329 6
2330 20
2331 1
2332 20
2333 11
2334 4
2335 14
2336 1
2337 17
2338 6
2339 18
2340 9
2341 8
2342 2
2343 16
2344 18
2345 12
2346 15
2347 3
2348 7
2349 2
2350 22
2351 17
2352 17
2353 14
2354 6
2355 17
2356 14
2357 4
2358 6
2359 19
2360 5
2361 15
2362 2
2363 9
2364 2
2365 2
2366 4
2367 15
2368 3
2369 11
2370 11
2371 6
2372 5
2373 15
2374 17
2375 8
2376 8
2377 10
2378 5
2379 1
2380 7
2381 10
2382 7
2383 18
2384 14
2385 16
2386 5
2387 12
2388 11
2389 10
2390 11
2391 13
2392 23
2393 10
2394 14
2395 2
2396 17
2397 14
2398 9
2399 12
2400 12
2401 17
2402 4
2403 1
2404 10
2405 8
2406 6
2407 19
2408 6
2409 10
2410 13
2411 1
2412 7
2413 3
2414 22
2415 16
2416 18
2417 23
2418 13
2419 7
2420 6
2421 8
2422 17
2423 5
2424 4
2425 24
2426 2
2427 7
2428 29
2429 14
2430 16
2431 14
2432 3
2433 13
2434 4
2435 5
2436 15
2437 11
2438 10
2439 19
2440 4
2441 20
2442 9
2443 13
2444 24
2445 19
2446 13
2447 12
2448 3
2449 6
2450 1
2451 12
2452 6
2453 24
2454 21
2455 21
2456 8
2457 17
2458 7
2459 4
2460 10
2461 9
2462 19
2463 4
2464 5
2465 6
2466 2
2467 2
2468 22
2469 3
2470 15
2471 4
2472 4
2473 5
2474 21
2475 12
2476 9
2477 20
2478 16
2479 12
2480 11
2481 4
2482 10
2483 11
2484 4
2485 11
2486 10
2487 3
2488 15
2489 19
2490 11
2491 12
2492 23
2493 6
2494 2
2495 10
2496 1
2497 7
2498 17
2499 8
2500 5
2501 11
2502 10
2503 21
2504 7
2505 12
2506 4
2507 8
2508 7
2509 8
2510 10
2511 7
2512 13
2513 14
2514 13
2515 11
2516 5
2517 6
2518 2
2519 14
2520 21
2521 7
2522 12
2523 19
2524 17
2525 15
2526 12
2527 6
2528 3
2529 3
2530 15
2531 15
2532 7
2533 7
2534 23
2535 12
2536 14
2537 11
2538 5
2539 6
2540 21
2541 7
2542 3
2543 2
2544 12
2545 3
2546 15
2547 10
2548 11
2549 14
2550 11
2551 18
2552 12
2553 3
2554 20
2555 4
2556 14
2557 8
2558 2
2559 1
2560 19
2561 1
2562 20
2563 2
2564 16
2565 14
2566 7
2567 3
2568 19
2569 7
2570 22
2571 13
2572 12
2573 7
2574 6
2575 10
2576 12
2577 18
2578 3
2579 7
2580 20
2581 4
2582 11
2583 18
2584 9
2585 6
2586 16
2587 18
2588 6
2589 9
2590 7
2591 23
2592 21
2593 5
2594 12
2595 6
2596 11
2597 4
2598 12
2599 2
2600 8
2601 15
2602 12
2603 11
2604 6
2605 9
2606 1
2607 4
2608 12
2609 20
2610 7
2611 2
2612 12
2613 12
2614 5
2615 14
2616 14
2617 11
2618 19
2619 24
2620 21
2621 19
2622 15
2623 2
2624 4
2625 10
2626 17
2627 23
2628 10
2629 15
2630 1
2631 13
2632 5
2633 14
2634 20
2635 22
2636 1
2637 16
2638 9
2639 10
2640 11
2641 7
2642 5
2643 8
2644 12
2645 17
2646 2
2647 18
2648 8
2649 4
2650 16
2651 19
2652 3
2653 23
2654 3
2655 14
2656 8
2657 15
2658 5
2659 17
2660 2
2661 9
2662 1
2663 24
2664 13
2665 14
2666 5
2667 12
2668 3
2669 1
2670 3
2671 16
2672 12
2673 6
2674 14
2675 11
2676 1
2677 7
2678 14
2679 15
2680 13
2681 22
2682 2
2683 17
2684 21
2685 7
2686 21
2687 14
2688 16
2689 11
2690 10
2691 5
2692 20
2693 7
2694 12
2695 10
2696 12
2697 3
2698 19
2699 13
2700 11
2701 3
2702 9
2703 8
2704 20
2705 14
2706 23
2707 8
2708 7
2709 16
2710 17
2711 25
2712 14
2713 17
2714 10
2715 10
2716 14
2717 3
2718 19
2719 16
2720 12
2721 9
2722 22
2723 10
2724 10
2725 16
2726 6
2727 1
2728 12
2729 6
2730 15
2731 16
2732 11
2733 16
2734 11
2735 8
2736 5
2737 10
2738 18
2739 15
2740 3
2741 13
2742 8
2743 16
2744 18
2745 15
2746 4
2747 5
2748 7
2749 9
2750 18
2751 12
2752 4
2753 1
2754 16
2755 4
2756 4
2757 18
2758 15
2759 1
2760 9
2761 9
2762 11
2763 3
2764 3
2765 8
2766 18
2767 10
2768 2
2769 6
2770 4
2771 4
2772 12
2773 1
2774 14
2775 13
2776 18
2777 4
2778 10
2779 19
2780 24
2781 16
2782 17
2783 7
2784 4
2785 16
2786 12
2787 16
2788 7
2789 18
2790 9
2791 17
2792 14
2793 8
2794 2
2795 5
2796 13
2797 20
2798 3
2799 22
2800 7
2801 8
2802 18
2803 17
2804 1
2805 4
2806 3
2807 6
2808 21
2809 19
2810 3
2811 12
2812 7
2813 17
2814 1
2815 4
2816 17
2817 6
2818 7
2819 7
2820 24
2821 12
2822 6
2823 5
2824 4
2825 4
2826 5
2827 23
2828 12
2829 15
2830 19
2831 17
2832 4
2833 13
2834 7
2835 3
2836 13
2837 11
2838 1
2839 17
2840 13
2841 4
2842 18
2843 8
2844 20
2845 23
2846 18
2847 23
2848 3
2849 17
2850 6
2851 4
2852 14
2853 4
2854 16
2855 11
2856 13
2857 19
2858 14
2859 5
2860 19
2861 4
2862 13
2863 18
2864 13
2865 5
2866 17
2867 20
2868 13
2869 11
2870 10
2871 20
2872 17
2873 6
2874 14
2875 17
2876 11
2877 8
2878 6
2879 9
2880 11
2881 3
2882 2
2883 6
2884 3
2885 1
2886 7
2887 22
2888 13
2889 11
2890 1
2891 5
2892 2
2893 4
2894 20
2895 8
2896 6
2897 21
2898 23
2899 9
2900 3
2901 15
2902 9
2903 13
2904 21
2905 6
2906 7
2907 21
2908 6
2909 15
2910 13
2911 13
2912 18
2913 22
2914 19
2915 13
2916 3
2917 10
2918 7
2919 8
2920 19
2921 11
2922 12
2923 5
2924 19
2925 12
2926 4
2927 13
2928 19
2929 4
2930 13
2931 14
2932 18
2933 1
2934 15
2935 7
2936 24
2937 9
2938 6
2939 12
2940 12
2941 4
2942 5
2943 7
2944 15
2945 9
2946 20
2947 13
2948 21
2949 2
2950 17
2951 2
2952 12
2953 5
2954 1
2955 4
2956 15
2957 3
2958 17
2959 5
2960 11
2961 14
2962 5
2963 25
2964 5
2965 10
2966 7
2967 17
2968 16
2969 16
2970 5
2971 13
2972 8
2973 12
2974 15
2975 17
2976 15
2977 12
2978 14
2979 6
2980 16
2981 9
2982 3
2983 13
2984 23
2985 11
2986 2
2987 11
2988 6
2989 12
2990 15
2991 5
2992 20
2993 11
2994 12
2995 17
2996 10
2997 8
2998 11
2999 7
3000 4
3001 7
3002 4
3003 15
3004 14
3005 10
3006 16
3007 7
3008 1
3009 14
3010 6
3011 3
3012 6
3013 14
3014 1
3015 19
3016 6
3017 27
3018 17
3019 9
3020 16
3021 7
3022 15
3023 23
3024 6
3025 15
3026 1
3027 6
3028 5
3029 6
3030 11
3031 9
3032 19
3033 21
3034 4
3035 8
3036 1
3037 21
3038 11
3039 12
3040 1
3041 7
3042 9
3043 17
3044 5
3045 9
3046 10
3047 22
3048 7
3049 13
3050 6
3051 8
3052 5
3053 2
3054 15
3055 17
3056 3
3057 11
3058 16
3059 19
3060 8
3061 15
3062 25
3063 23
3064 21
3065 2
3066 11
3067 11
3068 11
3069 4
3070 1
3071 18
3072 5
3073 5
3074 12
3075 15
3076 10
3077 21
3078 8
3079 8
3080 4
3081 8
3082 7
3083 4
3084 15
3085 16
3086 18
3087 18
3088 15
3089 17
3090 3
3091 21
3092 4
3093 18
3094 19
3095 12
3096 4
3097 15
3098 2
3099 14
3100 16
3101 9
3102 9
3103 10
3104 2
3105 22
3106 4
3107 22
3108 2
3109 7
3110 13
3111 2
3112 8
3113 13
3114 3
3115 9
3116 20
3117 15
3118 16
3119 24
3120 2
3121 20
3122 14
3123 18
3124 5
3125 15
3126 3
3127 17
3128 8
3129 22
3130 9
3131 18
3132 6
3133 15
3134 2
3135 4
3136 26
3137 12
3138 8
3139 5
3140 22
3141 17
3142 6
3143 7
3144 18
3145 17
3146 4
3147 2
3148 19
3149 2
3150 5
3151 3
3152 18
3153 20
3154 13
3155 16
3156 3
3157 14
3158 7
3159 1
3160 16
3161 5
3162 11
3163 19
3164 2
3165 3
3166 16
3167 4
3168 5
3169 10
3170 12
3171 5
3172 4
3173 8
3174 2
3175 13
3176 5
3177 9
3178 10
3179 17
3180 15
3181 8
3182 14
3183 11
3184 8
3185 22
3186 16
3187 18
3188 17
3189 8
3190 10
3191 14
3192 24
3193 5
3194 18
3195 17
3196 20
3197 7
3198 6
3199 17
3200 7
3201 11
3202 10
3203 9
3204 18
3205 18
3206 22
3207 13
3208 18
3209 9
3210 16
3211 13
3212 11
3213 8
3214 15
3215 16
3216 18
3217 7
3218 19
3219 12
3220 7
3221 9
3222 8
3223 12
3224 7
3225 9
3226 14
3227 15
3228 20
3229 3
3230 13
3231 15
3232 2
3233 5
3234 3
3235 18
3236 9
3237 2
3238 18
3239 14
3240 1
3241 18
3242 8
3243 9
3244 3
3245 10
3246 16
3247 10
3248 17
3249 19
3250 10
3251 20
3252 9
3253 16
3254 3
3255 12
3256 21
3257 13
3258 15
3259 7
3260 22
3261 16
3262 15
3263 21
3264 19
3265 21
3266 8
3267 2
3268 8
3269 14
3270 3
3271 17
3272 13
3273 7
3274 21
3275 19
3276 4
3277 10
3278 7
3279 1
3280 18
3281 3
3282 12
3283 16
3284 5
3285 5
3286 17
3287 15
3288 22
3289 9
3290 10
3291 22
3292 11
3293 5
3294 6
3295 16
3296 2
3297 9
3298 5
3299 7
3300 12
3301 7
3302 2
3303 18
3304 15
3305 3
3306 2
3307 13
3308 5
3309 17
3310 9
3311 17
3312 11
3313 8
3314 18
3315 3
3316 6
3317 22
3318 4
3319 16
3320 1
3321 7
3322 2
3323 13
3324 15
3325 18
3326 4
3327 16
3328 21
3329 3
3330 11
3331 16
3332 12
3333 23
3334 8
3335 15
3336 10
3337 9
3338 14
3339 5
3340 2
3341 13
3342 11
3343 10
3344 11
3345 19
3346 13
3347 7
3348 7
3349 9
3350 2
3351 9
3352 1
3353 10
3354 14
3355 3
3356 11
3357 20
3358 8
3359 3
3360 7
3361 11
3362 19
3363 16
3364 6
3365 17
3366 15
3367 16
3368 7
3369 18
3370 4
3371 14
3372 7
3373 7
3374 1
3375 2
3376 7
3377 5
3378 5
3379 12
3380 21
3381 20
3382 1
3383 6
3384 14
3385 16
3386 10
3387 17
3388 16
3389 14
3390 12
3391 18
3392 12
3393 2
3394 2
3395 4
3396 20
3397 20
3398 7
3399 14
3400 10
3401 2
3402 5
3403 2
3404 2
3405 14
3406 16
3407 11
3408 5
3409 13
3410 4
3411 9
3412 4
3413 20
3414 8
3415 5
3416 11
3417 17
3418 9
3419 24
3420 21
3421 23
3422 10
3423 9
3424 8
3425 2
3426 20
3427 15
3428 17
3429 14
3430 5
3431 17
3432 8
3433 9
3434 20
3435 20
3436 4
3437 13
3438 7
3439 12
3440 12
3441 11
3442 6
3443 14
3444 25
3445 11
3446 6
3447 9
3448 20
3449 6
3450 2
3451 7
3452 10
3453 3
3454 14
3455 13
3456 2
3457 12
3458 8
3459 17
3460 7
3461 5
3462 20
3463 11
3464 18
3465 5
3466 4
3467 14
3468 3
3469 3
3470 14
3471 14
3472 18
3473 8
3474 13
3475 20
3476 14
3477 5
3478 2
3479 8
3480 4
3481 17
3482 4
3483 14
3484 19
3485 9
3486 4
3487 6
3488 11
3489 15
3490 15
3491 1
3492 19
3493 1
3494 5
3495 8
3496 10
3497 4
3498 11
3499 18
3500 23
3501 17
3502 4
3503 1
3504 9
3505 1
3506 10
3507 13
3508 5
3509 20
3510 10
3511 14
3512 7
3513 5
3514 6
3515 17
3516 18
3517 12
3518 8
3519 12
3520 1
3521 9
3522 12
3523 7
3524 13
3525 11
3526 7
3527 18
3528 12
3529 13
3530 7
3531 13
3532 4
3533 14
3534 4
3535 16
3536 6
3537 14
3538 10
3539 11
3540 21
3541 4
3542 19
3543 4
3544 20
3545 6
3546 2
3547 7
3548 4
3549 2
3550 2
3551 12
3552 2
3553 15
3554 2
3555 7
3556 16
3557 7
3558 12
3559 14
3560 1
3561 18
3562 15
3563 10
3564 9
3565 14
3566 22
3567 3
3568 17
3569 8
3570 12
3571 2
3572 5
3573 1
3574 15
3575 8
3576 11
3577 12
3578 3
3579 17
3580 14
3581 6
3582 24
3583 5
3584 12
3585 13
3586 12
3587 8
3588 15
3589 7
3590 17
3591 7
3592 5
3593 4
3594 12
3595 22
3596 2
3597 7
3598 9
3599 19
3600 12
3601 11
3602 7
3603 14
3604 7
3605 18
3606 13
3607 16
3608 10
3609 16
3610 14
3611 13
3612 24
3613 17
3614 4
3615 17
3616 20
3617 12
3618 7
3619 1
3620 18
3621 11
3622 19
3623 2
3624 16
3625 5
3626 16
3627 11
3628 8
3629 2
3630 19
3631 19
3632 7
3633 14
3634 3
3635 3
3636 10
3637 18
3638 13
3639 17
3640 16
3641 10
3642 19
3643 12
3644 5
3645 23
3646 13
3647 11
3648 1
3649 15
3650 9
3651 18
3652 18
3653 14
3654 11
3655 12
3656 10
3657 5
3658 1
3659 2
3660 19
3661 20
3662 8
3663 10
3664 9
3665 13
3666 13
3667 18
3668 2
3669 1
3670 8
3671 23
3672 6
3673 1
3674 3
3675 3
3676 20
3677 22
3678 11
3679 15
3680 20
3681 10
3682 8
3683 4
3684 23
3685 10
3686 16
3687 17
3688 1
3689 10
3690 8
3691 9
3692 10
3693 8
3694 13
3695 7
3696 1
3697 7
3698 19
3699 15
3700 2
3701 8
3702 13
3703 20
3704 12
3705 11
3706 12
3707 2
3708 8
3709 7
3710 7
3711 19
3712 10
3713 2
3714 3
3715 18
3716 10
3717 10
3718 13
3719 13
3720 7
3721 1
3722 17
3723 10
3724 5
3725 13
3726 11
3727 11
3728 2
3729 16
3730 16
3731 5
3732 5
3733 9
3734 14
3735 14
3736 14
3737 2
3738 4
3739 3
3740 13
3741 3
3742 6
3743 13
3744 20
3745 2
3746 4
3747 2
3748 22
3749 10
3750 21
3751 19
3752 6
3753 8
3754 2
3755 17
3756 14
3757 13
3758 14
3759 3
3760 12
3761 16
3762 9
3763 11
3764 17
3765 11
3766 10
3767 15
3768 14
3769 2
3770 15
3771 11
3772 15
3773 6
3774 3
3775 15
3776 3
3777 7
3778 11
3779 1
3780 22
3781 9
3782 13
3783 22
3784 20
3785 14
3786 16
3787 7
3788 11
3789 20
3790 19
3791 3
3792 13
3793 2
3794 22
3795 5
3796 11
3797 13
3798 17
3799 18
3800 5
3801 16
3802 11
3803 9
3804 7
3805 10
3806 11
3807 9
3808 2
3809 24
3810 20
3811 5
3812 5
3813 16
3814 6
3815 1
3816 5
3817 11
3818 22
3819 14
3820 22
3821 15
3822 4
3823 12
3824 18
3825 12
3826 2
3827 23
3828 17
3829 6
3830 13
3831 15
3832 13
3833 17
3834 5
3835 13
3836 3
3837 10
3838 19
3839 16
3840 8
3841 12
3842 7
3843 18
3844 11
3845 3
3846 18
3847 15
3848 12
3849 4
3850 19
3851 2
3852 1
3853 9
3854 10
3855 17
3856 13
3857 16
3858 10
3859 8
3860 9
3861 7
3862 6
3863 19
3864 23
3865 7
3866 19
3867 17
3868 18
3869 17
3870 14
3871 10
3872 15
3873 17
3874 5
3875 11
3876 8
3877 12
3878 6
3879 6
3880 17
3881 18
3882 12
3883 17
3884 19
3885 7
3886 20
3887 10
3888 3
3889 15
3890 10
3891 4
3892 6
3893 19
3894 1
3895 22
3896 11
3897 2
3898 2
3899 8
3900 1
3901 16
3902 7
3903 4
3904 20
3905 11
3906 10
3907 9
3908 8
3909 23
3910 16
3911 18
3912 2
3913 8
3914 3
3915 13
3916 6
3917 7
3918 21
3919 14
3920 12
3921 19
3922 13
3923 11
3924 7
3925 17
3926 8
3927 14
3928 6
3929 17
3930 9
3931 7
3932 7
3933 3
3934 13
3935 18
3936 6
3937 4
3938 18
3939 1
3940 19
3941 11
3942 10
3943 16
3944 5
3945 4
3946 22
3947 5
3948 15
3949 18
3950 17
3951 2
3952 6
3953 14
3954 15
3955 17
3956 23
3957 1
3958 14
3959 8
3960 1
3961 7
3962 1
3963 14
3964 11
3965 5
3966 19
3967 26
3968 22
3969 14
3970 14
3971 11
3972 8
3973 10
3974 7
3975 19
3976 12
3977 5
3978 2
3979 15
3980 1
3981 16
3982 21
3983 6
3984 21
3985 25
3986 23
3987 9
3988 1
3989 4
3990 4
3991 1
3992 16
3993 6
3994 16
3995 19
3996 14
3997 15
3998 3
3999 4
4000 20
4001 11
4002 15
4003 3
4004 19
4005 10
4006 14
4007 21
4008 2
4009 3
4010 17
4011 7
4012 3
4013 4
4014 4
4015 10
4016 14
4017 20
4018 9
4019 16
4020 11
4021 12
4022 8
4023 16
4024 12
4025 16
4026 6
4027 3
4028 17
4029 10
4030 21
4031 5
4032 8
4033 1
4034 15
4035 20
4036 18
4037 18
4038 8
4039 3
4040 9
4041 10
4042 1
4043 5
4044 18
4045 20
4046 3
4047 25
4048 4
4049 3
4050 13
4051 15
4052 12
4053 9
4054 6
4055 15
4056 12
4057 7
4058 20
4059 15
4060 4
4061 1
4062 8
4063 9
4064 11
4065 3
4066 11
4067 3
4068 19
4069 14
4070 10
4071 17
4072 3
4073 5
4074 14
4075 9
4076 12
4077 2
4078 2
4079 2
4080 19
4081 20
4082 5
4083 23
4084 4
4085 2
4086 11
4087 6
4088 20
4089 10
4090 5
4091 3
4092 3
4093 7
4094 8
4095 3
4096 9
4097 2
4098 13
4099 17
4100 3
4101 20
4102 12
4103 18
4104 16
4105 17
4106 20
4107 9
4108 11
4109 4
4110 2
4111 10
4112 9
4113 2
4114 14
4115 3
4116 11
4117 14
4118 16
4119 18
4120 6
4121 5
4122 5
4123 2
4124 2
4125 4
4126 9
4127 12
4128 1
4129 18
4130 3
4131 7
4132 13
4133 17
4134 6
4135 14
4136 4
4137 18
4138 5
4139 7
4140 3
4141 3
4142 10
4143 4
4144 3
4145 11
4146 20
4147 14
4148 6
4149 18
4150 14
4151 8
4152 15
4153 3
4154 19
4155 16
4156 14
4157 6
4158 3
4159 14
4160 18
4161 5
4162 16
4163 3
4164 4
4165 6
4166 5
4167 10
4168 22
4169 15
4170 8
4171 9
4172 16
4173 17
4174 13
4175 7
4176 13
4177 5
4178 13
4179 3
4180 8
4181 13
4182 6
4183 18
4184 16
4185 1
4186 4
4187 14
4188 19
4189 12
4190 13
4191 2
4192 8
4193 5
4194 3
4195 14
4196 14
4197 13
4198 5
4199 12
4200 11
4201 8
4202 9
4203 3
4204 2
4205 12
4206 18
4207 11
4208 11
4209 17
4210 13
4211 15
4212 21
4213 8
4214 4
4215 8
4216 17
4217 8
4218 1
4219 5
4220 6
4221 2
4222 8
4223 15
4224 19
4225 10
4226 6
4227 23
4228 22
4229 20
4230 13
4231 10
4232 3
4233 3
4234 17
4235 22
4236 7
4237 6
4238 17
4239 1
4240 11
4241 7
4242 16
4243 11
4244 16
4245 16
4246 7
4247 11
4248 5
4249 17
4250 4
4251 14
4252 12
4253 8
4254 1
4255 10
4256 15
4257 10
4258 2
4259 1
4260 10
4261 13
4262 6
4263 11
4264 14
4265 5
4266 20
4267 1
4268 2
4269 5
4270 12
4271 5
4272 11
4273 19
4274 17
4275 2
4276 16
4277 4
4278 16
4279 9
4280 12
4281 1
4282 8
4283 14
4284 12
4285 16
4286 18
4287 13
4288 13
4289 13
4290 14
4291 9
4292 10
4293 1
4294 19
4295 2
4296 1
4297 3
4298 5
4299 19
4300 20
4301 3
4302 20
4303 14
4304 16
4305 4
4306 15
4307 17
4308 1
4309 11
4310 2
4311 21
4312 9
4313 3
4314 3
4315 5
4316 20
4317 3
4318 16
4319 17
4320 20
4321 19
4322 8
4323 9
4324 11
4325 18
4326 4
4327 4
4328 2
4329 12
4330 21
4331 10
4332 10
4333 14
4334 18
4335 2
4336 4
4337 3
4338 12
4339 12
4340 19
4341 18
4342 22
4343 3
4344 10
4345 20
4346 7
4347 7
4348 19
4349 11
4350 18
4351 19
4352 7
4353 15
4354 3
4355 19
4356 12
4357 3
4358 13
4359 9
4360 9
4361 6
4362 8
4363 19
4364 10
4365 6
4366 3
4367 8
4368 18
4369 25
4370 18
4371 13
4372 1
4373 10
4374 8
4375 16
4376 14
4377 8
4378 12
4379 9
4380 20
4381 22
4382 14
4383 5
4384 24
4385 5
4386 4
4387 18
4388 3
4389 14
4390 17
4391 4
4392 13
4393 22
4394 6
4395 4
4396 6
4397 13
4398 5
4399 10
4400 20
4401 20
4402 7
4403 18
4404 6
4405 15
4406 6
4407 4
4408 11
4409 5
4410 14
4411 14
4412 5
4413 16
4414 16
4415 7
4416 6
4417 4
4418 3
4419 24
4420 16
4421 19
4422 22
4423 5
4424 2
4425 11
4426 14
4427 20
4428 8
4429 4
4430 11
4431 8
4432 9
4433 8
4434 14
4435 1
4436 18
4437 18
4438 2
4439 11
4440 12
4441 22
4442 7
4443 10
4444 4
4445 10
4446 23
4447 11
4448 1
4449 14
4450 6
4451 10
4452 15
4453 10
4454 18
4455 2
4456 20
4457 3
4458 16
4459 16
4460 16
4461 10
4462 1
4463 10
4464 14
4465 11
4466 21
4467 14
4468 8
4469 7
4470 20
4471 7
4472 1
4473 1
4474 19
4475 9
4476 9
4477 20
4478 17
4479 10
4480 4
4481 13
4482 2
4483 14
4484 17
4485 4
4486 7
4487 12
4488 9
4489 16
4490 9
4491 15
4492 3
4493 12
4494 12
4495 18
4496 11
4497 19
4498 8
4499 22
4500 17
4501 16
4502 7
4503 4
4504 19
4505 24
4506 1
4507 9
4508 16
4509 23
4510 17
4511 7
4512 16
4513 21
4514 18
4515 14
4516 9
4517 9
4518 10
4519 19
4520 5
4521 3
4522 17
4523 14
4524 20
4525 18
4526 19
4527 4
4528 15
4529 15
4530 3
4531 1
4532 7
4533 13
4534 2
4535 18
4536 2
4537 19
4538 1
4539 8
4540 17
4541 17
4542 9
4543 13
4544 9
4545 17
4546 2
4547 19
4548 14
4549 17
4550 16
4551 2
4552 15
4553 2
4554 22
4555 9
4556 19
4557 15
4558 6
4559 9
4560 10
4561 5
4562 13
4563 7
4564 21
4565 10
4566 18
4567 14
4568 17
4569 21
4570 17
4571 5
4572 12
4573 15
4574 20
4575 7
4576 7
4577 8
4578 7
4579 6
4580 9
4581 1
4582 24
4583 9
4584 22
4585 18
4586 18
4587 10
4588 14
4589 14
4590 6
4591 11
4592 17
4593 5
4594 15
4595 11
4596 4
4597 5
4598 15
4599 4
4600 11
4601 10
4602 3
4603 7
4604 9
4605 19
4606 19
4607 20
4608 5
4609 4
4610 11
4611 7
4612 7
4613 9
4614 23
4615 18
4616 17
4617 4
4618 23
4619 18
4620 18
4621 11
4622 21
4623 15
4624 10
4625 17
4626 11
4627 22
4628 11
4629 7
4630 7
4631 15
4632 10
4633 3
4634 3
4635 3
4636 11
4637 21
4638 17
4639 8
4640 24
4641 15
4642 1
4643 20
4644 7
4645 5
4646 6
4647 13
4648 1
4649 10
4650 3
4651 19
4652 21
4653 16
4654 18
4655 10
4656 3
4657 4
4658 12
4659 4
4660 3
4661 8
4662 24
4663 6
4664 10
4665 9
4666 4
4667 6
4668 21
4669 14
4670 17
4671 10
4672 12
4673 19
4674 7
4675 3
4676 4
4677 2
4678 3
4679 4
4680 17
4681 1
4682 18
4683 16
4684 8
4685 14
4686 9
4687 10
4688 16
4689 2
4690 4
4691 19
4692 19
4693 1
4694 8
4695 19
4696 11
4697 13
4698 14
4699 9
4700 1
4701 9
4702 7
4703 16
4704 15
4705 10
4706 5
4707 2
4708 10
4709 4
4710 8
4711 17
4712 7
4713 17
4714 11
4715 11
4716 20
4717 6
4718 17
4719 19
4720 5
4721 6
4722 23
4723 11
4724 17
4725 11
4726 12
4727 1
4728 1
4729 11
4730 14
4731 10
4732 23
4733 17
4734 22
4735 8
4736 10
4737 20
4738 19
4739 16
4740 14
4741 9
4742 12
4743 8
4744 16
4745 19
4746 2
4747 2
4748 16
4749 6
4750 2
4751 7
4752 21
4753 13
4754 13
4755 22
4756 6
4757 19
4758 16
4759 1
4760 12
4761 16
4762 7
4763 5
4764 15
4765 1
4766 3
4767 7
4768 10
4769 11
4770 18
4771 4
4772 2
4773 2
4774 2
4775 21
4776 12
4777 10
4778 3
4779 13
4780 7
4781 8
4782 19
4783 4
4784 17
4785 20
4786 8
4787 18
4788 22
4789 20
4790 2
4791 5
4792 16
4793 16
4794 4
4795 17
4796 12
4797 8
4798 8
4799 17
4800 1
4801 18
4802 9
4803 16
4804 16
4805 13
4806 15
4807 13
4808 4
4809 2
4810 3
4811 5
4812 9
4813 14
4814 3
4815 20
4816 18
4817 20
4818 5
4819 15
4820 7
4821 9
4822 5
4823 13
4824 12
4825 5
4826 5
4827 14
4828 15
4829 12
4830 14
4831 12
4832 19
4833 8
4834 15
4835 3
4836 4
4837 2
4838 2
4839 5
4840 7
4841 22
4842 13
4843 15
4844 15
4845 7
4846 18
4847 13
4848 18
4849 9
4850 18
4851 10
4852 24
4853 15
4854 16
4855 3
4856 13
4857 12
4858 11
4859 4
4860 3
4861 11
4862 4
4863 9
4864 6
4865 19
4866 3
4867 19
4868 1
4869 10
4870 16
4871 14
4872 6
4873 5
4874 15
4875 14
4876 6
4877 10
4878 8
4879 19
4880 14
4881 12
4882 19
4883 11
4884 4
4885 13
4886 14
4887 20
4888 5
4889 13
4890 7
4891 13
4892 17
4893 20
4894 11
4895 3
4896 3
4897 5
4898 14
4899 7
4900 8
4901 19
4902 12
4903 2
4904 8
4905 16
4906 5
4907 15
4908 12
4909 13
4910 9
4911 6
4912 10
4913 9
4914 5
4915 14
4916 7
4917 7
4918 18
4919 6
4920 13
4921 1
4922 15
4923 20
4924 18
4925 1
4926 7
4927 12
4928 6
4929 3
4930 11
4931 5
4932 8
4933 1
4934 3
4935 14
4936 14
4937 11
4938 16
4939 19
4940 10
4941 8
4942 16
4943 9
4944 18
4945 11
4946 19
4947 1
4948 6
4949 15
4950 9
4951 2
4952 19
4953 11
4954 19
4955 12
4956 13
4957 6
4958 2
4959 14
4960 5
4961 10
4962 9
4963 24
4964 5
4965 7
4966 11
4967 1
4968 11
4969 7
4970 5
4971 13
4972 1
4973 20
4974 5
4975 7
4976 8
4977 1
4978 13
4979 11
4980 9
4981 9
4982 12
4983 16
4984 8
4985 11
4986 10
4987 10
4988 5
4989 7
4990 2
4991 18
4992 15
4993 2
4994 1
4995 6
4996 19
4997 9
4998 24
4999 19
5000 19
5001 7
5002 4
5003 15
5004 15
5005 13
5006 16
5007 16
5008 18
5009 12
5010 8
5011 9
5012 9
5013 10
5014 20
5015 16
5016 18
5017 22
5018 4
5019 3
5020 2
5021 1
5022 11
5023 6
5024 6
5025 14
5026 3
5027 16
5028 6
5029 12
5030 6
5031 20
5032 12
5033 11
5034 19
5035 18
5036 8
5037 9
5038 14
5039 18
5040 14
5041 16
5042 20
5043 11
5044 18
5045 11
5046 4
5047 16
5048 9
5049 11
5050 14
5051 15
5052 1
5053 20
5054 7
5055 14
5056 12
5057 6
5058 17
5059 3
5060 2
5061 17
5062 13
5063 7
5064 16
5065 18
5066 5
5067 8
5068 10
5069 5
5070 12
5071 19
5072 15
5073 14
5074 13
5075 3
5076 7
5077 19
5078 10
5079 2
5080 6
5081 21
5082 5
5083 21
5084 5
5085 10
5086 6
5087 17
5088 4
5089 4
5090 5
5091 16
5092 16
5093 7
5094 7
5095 5
5096 15
5097 16
5098 13
5099 6
5100 16
5101 1
5102 10
5103 13
5104 19
5105 18
5106 4
5107 5
5108 1
5109 11
5110 17
5111 1
5112 7
5113 13
5114 8
5115 11
5116 13
5117 24
5118 12
5119 20
5120 1
5121 1
5122 1
5123 4
5124 9
5125 15
5126 19
5127 11
5128 3
5129 7
5130 18
5131 11
5132 4
5133 3
5134 6
5135 8
5136 11
5137 7
5138 4
5139 15
5140 3
5141 9
5142 8
5143 12
5144 1
5145 13
5146 10
5147 19
5148 12
5149 12
5150 4
5151 20
5152 3
5153 13
5154 12
5155 10
5156 13
5157 3
5158 8
5159 19
5160 20
5161 6
5162 15
5163 20
5164 11
5165 4
5166 5
5167 6
5168 9
5169 15
5170 18
5171 17
5172 10
5173 18
5174 12
5175 14
5176 7
5177 15
5178 18
5179 17
5180 17
5181 6
5182 17
5183 13
5184 11
5185 4
5186 4
5187 18
5188 3
5189 11
5190 1
5191 5
5192 18
5193 1
5194 2
5195 20
5196 10
5197 3
5198 13
5199 14
5200 15
5201 1
5202 11
5203 23
5204 5
5205 2
5206 17
5207 15
5208 15
5209 15
5210 21
5211 9
5212 11
5213 12
5214 5
5215 1
5216 21
5217 15
5218 15
5219 16
5220 16
5221 2
5222 16
5223 11
5224 1
5225 17
5226 2
5227 17
5228 4
5229 4
5230 5
5231 23
5232 19
5233 17
5234 11
5235 17
5236 12
5237 3
5238 6
5239 12
5240 11
5241 11
5242 20
5243 18
5244 17
5245 12
5246 19
5247 19
5248 4
5249 2
5250 1
5251 2
5252 7
5253 11
5254 11
5255 20
5256 7
5257 10
5258 9
5259 2
5260 2
5261 2
5262 5
5263 8
5264 20
5265 8
5266 4
5267 19
5268 18
5269 7
5270 11
5271 3
5272 3
5273 16
5274 21
5275 8
5276 10
5277 18
5278 7
5279 17
5280 15
5281 15
5282 15
5283 1
5284 9
5285 22
5286 8
5287 1
5288 11
5289 10
5290 15
5291 14
5292 13
5293 12
5294 19
5295 15
5296 6
5297 11
5298 19
5299 1
5300 5
5301 17
5302 11
5303 2
5304 7
5305 4
5306 10
5307 6
5308 16
5309 6
5310 9
5311 1
5312 10
5313 5
5314 7
5315 20
5316 6
5317 11
5318 15
5319 6
5320 2
5321 13
5322 21
5323 16
5324 1
5325 6
5326 12
5327 18
5328 6
5329 13
5330 5
5331 20
5332 20
5333 8
5334 5
5335 16
5336 13
5337 6
5338 12
5339 21
5340 14
5341 2
5342 17
5343 5
5344 17
5345 3
5346 18
5347 21
5348 16
5349 17
5350 22
5351 14
5352 16
5353 15
5354 16
5355 8
5356 16
5357 8
5358 16
5359 16
5360 2
5361 4
5362 11
5363 16
5364 24
5365 5
5366 1
5367 14
5368 12
5369 5
5370 15
5371 19
5372 5
5373 17
5374 10
5375 12
5376 16
5377 15
5378 10
5379 10
5380 10
5381 21
5382 17
5383 1
5384 5
5385 5
5386 6
5387 3
5388 1
5389 6
5390 17
5391 5
5392 5
5393 22
5394 18
5395 11
5396 19
5397 18
5398 16
5399 15
5400 15
5401 3
5402 15
5403 5
5404 18
5405 3
5406 16
5407 2
5408 1
5409 17
5410 14
5411 12
5412 21
5413 13
5414 13
5415 21
5416 24
5417 12
5418 10
5419 18
5420 17
5421 7
5422 10
5423 3
5424 15
5425 10
5426 14
5427 4
5428 14
5429 10
5430 10
5431 9
5432 14
5433 8
5434 15
5435 6
5436 9
5437 22
5438 14
5439 2
5440 13
5441 15
5442 2
5443 8
5444 18
5445 12
5446 9
5447 16
5448 17
5449 9
5450 4
5451 4
5452 15
5453 8
5454 16
5455 4
5456 16
5457 11
5458 7
5459 14
5460 3
5461 10
5462 8
5463 24
5464 8
5465 5
5466 18
5467 9
5468 16
5469 3
5470 8
5471 22
5472 14
5473 2
5474 12
5475 15
5476 21
5477 8
5478 21
5479 1
5480 16
5481 15
5482 2
5483 15
5484 18
5485 18
5486 12
5487 14
5488 2
5489 10
5490 14
5491 9
5492 21
5493 24
5494 7
5495 16
5496 13
5497 11
5498 10
5499 20
5500 14
5501 9
5502 20
5503 6
5504 21
5505 21
5506 1
5507 20
5508 6
5509 2
5510 11
5511 8
5512 7
5513 5
5514 7
5515 4
5516 15
5517 3
5518 10
5519 1
5520 7
5521 10
5522 7
5523 22
5524 10
5525 15
5526 11
5527 17
5528 15
5529 10
5530 14
5531 24
5532 13
5533 18
5534 12
5535 6
5536 21
5537 2
5538 13
5539 9
5540 2
5541 3
5542 9
5543 6
5544 6
5545 5
5546 14
5547 10
5548 13
5549 6
5550 15
5551 15
5552 12
5553 19
5554 18
5555 18
5556 20
5557 21
5558 1
5559 12
5560 16
5561 17
5562 8
5563 12
5564 9
5565 3
5566 10
5567 9
5568 13
5569 10
5570 9
5571 20
5572 14
5573 15
5574 13
5575 7
5576 18
5577 6
5578 3
5579 16
5580 10
5581 15
5582 3
5583 9
5584 16
5585 1
5586 11
5587 22
5588 11
5589 19
5590 15
5591 8
5592 15
5593 7
5594 19
5595 13
5596 1
5597 22
5598 14
5599 1
5600 12
5601 7
5602 1
5603 2
5604 6
5605 9
5606 7
5607 21
5608 11
5609 6
5610 11
5611 6
5612 18
5613 10
5614 4
5615 17
5616 15
5617 17
5618 19
5619 15
5620 8
5621 4
5622 9
5623 3
5624 10
5625 2
5626 18
5627 15
5628 12
5629 15
5630 3
5631 14
5632 7
5633 19
5634 15
5635 11
5636 1
5637 16
5638 17
5639 20
5640 18
5641 18
5642 5
5643 4
5644 6
5645 1
5646 16
5647 7
5648 10
5649 8
5650 6
5651 19
5652 8
5653 16
5654 7
5655 16
5656 6
5657 8
5658 12
5659 11
5660 23
5661 14
5662 8
5663 1
5664 8
5665 10
5666 7
5667 19
5668 22
5669 3
5670 10
5671 2
5672 1
5673 9
5674 22
5675 22
5676 5
5677 15
5678 7
5679 2
5680 4
5681 2
5682 10
5683 4
5684 12
5685 15
5686 2
5687 16
5688 8
5689 19
5690 11
5691 13
5692 20
5693 13
5694 7
5695 17
5696 4
5697 4
5698 2
5699 20
5700 19
5701 6
5702 7
5703 15
5704 18
5705 4
5706 15
5707 7
5708 8
5709 7
5710 15
5711 18
5712 18
5713 2
5714 15
5715 21
5716 6
5717 17
5718 3
5719 13
5720 4
5721 19
5722 6
5723 14
5724 9
5725 3
5726 17
5727 20
5728 6
5729 10
5730 4
5731 14
5732 14
5733 12
5734 15
5735 11
5736 12
5737 10
5738 2
5739 16
5740 4
5741 10
5742 10
5743 2
5744 1
5745 18
5746 15
5747 7
5748 3
5749 9
5750 9
5751 6
5752 20
5753 10
5754 2
5755 7
5756 16
5757 24
5758 12
5759 13
5760 9
5761 5
5762 13
5763 10
5764 10
5765 14
5766 9
5767 11
5768 19
5769 1
5770 6
5771 11
5772 7
5773 9
5774 1
5775 2
5776 2
5777 10
5778 3
5779 13
5780 16
5781 11
5782 2
5783 2
5784 21
5785 15
5786 7
5787 22
5788 6
5789 13
5790 19
5791 9
5792 6
5793 17
5794 11
5795 17
5796 4
5797 13
5798 3
5799 13
5800 7
5801 1
5802 21
5803 5
5804 12
5805 15
5806 10
5807 8
5808 14
5809 7
5810 13
5811 3
5812 3
5813 7
5814 7
5815 17
5816 14
5817 9
5818 18
5819 19
5820 13
5821 9
5822 1
5823 7
5824 3
5825 13
5826 18
5827 13
5828 18
5829 7
5830 9
5831 4
5832 13
5833 4
5834 10
5835 1
5836 5
5837 12
5838 12
5839 16
5840 5
5841 20
5842 10
5843 12
5844 14
5845 17
5846 2
5847 6
5848 13
5849 9
5850 14
5851 4
5852 14
5853 17
5854 19
5855 5
5856 7
5857 7
5858 1
5859 1
5860 18
5861 12
5862 9
5863 1
5864 14
5865 10
5866 12
5867 3
5868 14
5869 17
5870 9
5871 9
5872 14
5873 7
5874 9
5875 5
5876 7
5877 13
5878 14
5879 10
5880 4
5881 21
5882 10
5883 19
5884 7
5885 9
5886 9
5887 1
5888 11
5889 13
5890 23
5891 18
5892 3
5893 10
5894 5
5895 3
5896 13
5897 11
5898 17
5899 11
5900 14
5901 1
5902 18
5903 1
5904 17
5905 13
5906 7
5907 2
5908 6
5909 14
5910 16
5911 20
5912 16
5913 12
5914 3
5915 14
5916 4
5917 6
5918 10
5919 19
5920 17
5921 6
5922 2
5923 6
5924 20
5925 16
5926 11
5927 16
5928 20
5929 17
5930 8
5931 2
5932 15
5933 16
5934 1
5935 14
5936 21
5937 18
5938 7
5939 8
5940 7
5941 13
5942 11
5943 19
5944 7
5945 12
5946 16
5947 14
5948 13
5949 14
5950 19
5951 15
5952 8
5953 6
5954 10
5955 1
5956 1
5957 3
5958 6
5959 9
5960 7
5961 16
5962 15
5963 15
5964 19
5965 17
5966 10
5967 8
5968 13
5969 18
5970 21
5971 16
5972 4
5973 19
5974 9
5975 19
5976 17
5977 13
5978 9
5979 11
5980 5
5981 8
5982 2
5983 22
5984 8
5985 14
5986 21
5987 7
5988 11
5989 16
5990 13
5991 6
5992 18
5993 14
5994 7
5995 18
5996 11
5997 6
5998 7
5999 11
6000 3
6001 5
6002 7
6003 10
6004 22
6005 13
6006 5
6007 3
6008 1
6009 17
6010 13
6011 17
6012 15
6013 6
6014 2
6015 7
6016 1
6017 23
6018 9
6019 11
6020 9
6021 21
6022 3
6023 10
6024 14
6025 7
6026 4
6027 8
6028 10
6029 7
6030 12
6031 18
6032 21
6033 8
6034 15
6035 18
6036 14
6037 17
6038 16
6039 5
6040 10
6041 16
6042 7
6043 6
6044 15
6045 8
6046 21
6047 14
6048 9
6049 1
6050 13
6051 17
6052 14
6053 21
6054 6
6055 3
6056 11
6057 9
6058 9
6059 9
6060 12
6061 14
6062 9
6063 12
6064 16
6065 1
6066 10
6067 6
6068 5
6069 26
6070 8
6071 7
6072 17
6073 2
6074 19
6075 3
6076 12
6077 9
6078 18
6079 17
6080 20
6081 14
6082 17
6083 8
6084 1
6085 18
6086 7
6087 17
6088 9
6089 5
6090 4
6091 4
6092 21
6093 6
6094 9
6095 6
6096 12
6097 15
6098 18
6099 16
6100 17
6101 20
6102 6
6103 17
6104 10
6105 19
6106 17
6107 1
6108 18
6109 11
6110 20
6111 5
6112 5
6113 6
6114 5
6115 9
6116 9
6117 7
6118 17
6119 16
6120 17
6121 7
6122 7
6123 15
6124 13
6125 8
6126 18
6127 12
6128 2
6129 9
6130 15
6131 19
6132 2
6133 9
6134 7
6135 5
6136 13
6137 8
6138 14
6139 18
6140 7
6141 20
6142 4
6143 4
6144 8
6145 10
6146 20
6147 20
6148 14
6149 15
6150 3
6151 6
6152 9
6153 17
6154 3
6155 10
6156 12
6157 10
6158 12
6159 24
6160 14
6161 9
6162 17
6163 4
6164 5
6165 2
6166 5
6167 19
6168 10
6169 10
6170 13
6171 5
6172 18
6173 5
6174 20
6175 22
6176 3
6177 8
6178 13
6179 4
6180 12
6181 10
6182 7
6183 2
6184 10
6185 18
6186 19
6187 8
6188 13
6189 10
6190 3
6191 14
6192 24
6193 3
6194 10
6195 6
6196 19
6197 8
6198 2
6199 13
6200 15
6201 18
6202 16
6203 14
6204 16
6205 19
6206 7
6207 18
6208 13
6209 11
6210 10
6211 15
6212 11
6213 18
6214 6
6215 11
6216 18
6217 8
6218 5
6219 8
6220 3
6221 4
6222 22
6223 14
6224 3
6225 14
6226 6
6227 1
6228 15
6229 16
6230 7
6231 18
6232 5
6233 7
6234 16
6235 3
6236 15
6237 15
6238 7
6239 1
6240 1
6241 12
6242 16
6243 6
6244 11
6245 13
6246 8
6247 17
6248 21
6249 10
6250 11
6251 4
6252 11
6253 5
6254 11
6255 14
6256 20
6257 4
6258 11
6259 3
6260 10
6261 18
6262 4
6263 10
6264 7
6265 15
6266 9
6267 20
6268 14
6269 16
6270 1
6271 15
6272 2
6273 1
6274 7
6275 6
6276 2
6277 7
6278 20
6279 12
6280 23
6281 12
6282 5
6283 14
6284 18
6285 4
6286 19
6287 13
6288 6
6289 2
6290 8
6291 11
6292 15
6293 16
6294 20
6295 12
6296 16
6297 20
6298 17
6299 7
6300 12
6301 1
6302 11
6303 6
6304 16
6305 15
6306 13
6307 11
6308 13
6309 3
6310 2
6311 13
6312 22
6313 17
6314 10
6315 2
6316 10
6317 22
6318 11
6319 14
6320 14
6321 13
6322 18
6323 3
6324 3
6325 6
6326 12
6327 5
6328 5
6329 19
6330 4
6331 1
6332 6
6333 21
6334 11
6335 19
6336 7
6337 10
6338 4
6339 10
6340 5
6341 12
6342 4
6343 14
6344 1
6345 4
6346 3
6347 3
6348 16
6349 16
6350 15
6351 19
6352 16
6353 12
6354 7
6355 5
6356 4
6357 4
6358 8
6359 15
6360 13
6361 8
6362 21
6363 20
6364 12
6365 17
6366 5
6367 6
6368 18
6369 5
6370 13
6371 11
6372 10
6373 9
6374 5
6375 18
6376 13
6377 19
6378 14
6379 17
6380 3
6381 22
6382 8
6383 18
6384 2
6385 5
6386 10
6387 8
6388 12
6389 19
6390 20
6391 13
6392 15
6393 4
6394 11
6395 17
6396 4
6397 11
6398 19
6399 12
6400 18
6401 10
6402 2
6403 3
6404 1
6405 18
6406 9
6407 5
6408 2
6409 11
6410 2
6411 4
6412 6
6413 23
6414 18
6415 10
6416 2
6417 10
6418 19
6419 19
6420 16
6421 22
6422 8
6423 18
6424 21
6425 5
6426 14
6427 4
6428 3
6429 1
6430 11
6431 12
6432 22
6433 7
6434 13
6435 10
6436 14
6437 21
6438 8
6439 3
6440 21
6441 6
6442 21
6443 18
6444 12
6445 3
6446 9
6447 16
6448 4
6449 10
6450 4
6451 19
6452 23
6453 7
6454 15
6455 6
6456 13
6457 5
6458 10
6459 6
6460 4
6461 18
6462 16
6463 27
6464 13
6465 5
6466 16
6467 12
6468 18
6469 1
6470 11
6471 7
6472 23
6473 19
6474 21
6475 4
6476 19
6477 5
6478 21
6479 15
6480 22
6481 4
6482 3
6483 5
6484 16
6485 4
6486 4
6487 1
6488 4
6489 19
6490 3
6491 9
6492 2
6493 8
6494 16
6495 16
6496 15
6497 22
6498 9
6499 18
6500 9
6501 4
6502 9
6503 6
6504 14
6505 16
6506 14
6507 15
6508 18
6509 4
6510 8
6511 19
6512 7
6513 11
6514 16
6515 7
6516 8
6517 12
6518 14
6519 8
6520 15
6521 4
6522 7
6523 21
6524 6
6525 15
6526 6
6527 18
6528 12
6529 2
6530 7
6531 3
6532 2
6533 17
6534 2
6535 10
6536 13
6537 14
6538 6
6539 12
6540 9
6541 13
6542 1
6543 17
6544 11
6545 10
6546 8
6547 15
6548 15
6549 17
6550 11
6551 19
6552 9
6553 16
6554 15
6555 2
6556 6
6557 3
6558 11
6559 1
6560 14
6561 16
6562 1
6563 7
6564 6
6565 8
6566 12
6567 11
6568 16
6569 25
6570 8
6571 3
6572 8
6573 12
6574 2
6575 18
6576 12
6577 8
6578 6
6579 10
6580 14
6581 6
6582 8
6583 9
6584 17
6585 15
6586 16
6587 14
6588 9
6589 5
6590 21
6591 17
6592 17
6593 14
6594 2
6595 17
6596 2
6597 2
6598 4
6599 22
6600 7
6601 8
6602 5
6603 4
6604 10
6605 4
6606 4
6607 8
6608 4
6609 1
6610 5
6611 6
6612 26
6613 20
6614 18
6615 5
6616 23
6617 6
6618 14
6619 8
6620 7
6621 3
6622 14
6623 15
6624 6
6625 13
6626 20
6627 10
6628 15
6629 4
6630 4
6631 18
6632 14
6633 2
6634 8
6635 17
6636 1
6637 3
6638 10
6639 17
6640 5
6641 18
6642 18
6643 7
6644 4
6645 14
6646 11
6647 8
6648 15
6649 17
6650 10
6651 10
6652 18
6653 18
6654 22
6655 6
6656 5
6657 1
6658 14
6659 7
6660 10
6661 15
6662 5
6663 24
6664 5
6665 11
6666 8
6667 13
6668 2
6669 6
6670 8
6671 6
6672 15
6673 10
6674 13
6675 9
6676 4
6677 16
6678 18
6679 16
6680 11
6681 1
6682 14
6683 3
6684 18
6685 9
6686 15
6687 3
6688 15
6689 17
6690 21
6691 8
6692 7
6693 7
6694 4
6695 5
6696 15
6697 15
6698 8
6699 5
6700 18
6701 2
6702 20
6703 5
6704 7
6705 15
6706 18
6707 10
6708 20
6709 11
6710 7
6711 11
6712 15
6713 11
6714 15
6715 9
6716 8
6717 14
6718 16
6719 13
6720 11
6721 17
6722 5
6723 11
6724 12
6725 8
6726 20
6727 3
6728 2
6729 20
6730 19
6731 13
6732 19
6733 11
6734 3
6735 20
6736 1
6737 1
6738 8
6739 15
6740 5
6741 13
6742 1
6743 6
6744 15
6745 6
6746 10
6747 6
6748 13
6749 8
6750 19
6751 2
6752 1
6753 12
6754 8
6755 18
6756 6
6757 8
6758 11
6759 6
6760 16
6761 20
6762 4
6763 3
6764 11
6765 6
6766 20
6767 6
6768 19
6769 12
6770 15
6771 1
6772 7
6773 7
6774 14
6775 9
6776 21
6777 7
6778 14
6779 18
6780 22
6781 17
6782 8
6783 20
6784 15
6785 10
6786 19
6787 2
6788 12
6789 18
6790 18
6791 11
6792 17
6793 5
6794 11
6795 6
6796 7
6797 20
6798 7
6799 7
6800 12
6801 18
6802 22
6803 9
6804 1
6805 14
6806 17
6807 1
6808 13
6809 10
6810 20
6811 20
6812 8
6813 13
6814 12
6815 3
6816 9
6817 15
6818 19
6819 6
6820 2
6821 15
6822 22
6823 18
6824 6
6825 5
6826 2
6827 2
6828 14
6829 6
6830 5
6831 9
6832 20
6833 15
6834 5
6835 4
6836 14
6837 18
6838 21
6839 18
6840 5
6841 18
6842 13
6843 17
6844 20
6845 7
6846 15
6847 3
6848 13
6849 19
6850 21
6851 20
6852 19
6853 5
6854 17
6855 2
6856 17
6857 13
6858 18
6859 13
6860 13
6861 13
6862 15
6863 10
6864 19
6865 15
6866 18
6867 20
6868 17
6869 1
6870 6
6871 22
6872 13
6873 8
6874 17
6875 17
6876 2
6877 4
6878 17
6879 7
6880 3
6881 15
6882 1
6883 6
6884 3
6885 3
6886 7
6887 2
6888 24
6889 3
6890 2
6891 21
6892 4
6893 2
6894 20
6895 3
6896 15
6897 1
6898 13
6899 8
6900 15
6901 16
6902 9
6903 5
6904 17
6905 16
6906 20
6907 25
6908 3
6909 11
6910 21
6911 10
6912 3
6913 1
6914 7
6915 14
6916 18
6917 19
6918 22
6919 7
6920 8
6921 6
6922 5
6923 10
6924 4
6925 17
6926 14
6927 15
6928 16
6929 3
6930 6
6931 16
6932 7
6933 20
6934 13
6935 8
6936 8
6937 5
6938 10
6939 16
6940 18
6941 23
6942 16
6943 19
6944 21
6945 2
6946 15
6947 2
6948 2
6949 11
6950 1
6951 12
6952 12
6953 11
6954 12
6955 18
6956 20
6957 17
6958 14
6959 17
6960 9
6961 10
6962 11
6963 6
6964 8
6965 5
6966 5
6967 2
6968 13
6969 13
6970 4
6971 9
6972 16
6973 1
6974 21
6975 19
6976 16
6977 20
6978 5
6979 18
6980 4
6981 10
6982 1
6983 17
6984 15
6985 12
6986 4
6987 10
6988 15
6989 13
6990 20
6991 5
6992 21
6993 12
6994 6
6995 19
6996 19
6997 17
6998 20
6999 4
7000 17
7001 12
7002 14
7003 15
7004 18
7005 14
7006 4
7007 22
7008 3
7009 10
7010 5
7011 5
7012 13
7013 16
7014 20
7015 6
7016 17
7017 19
7018 10
7019 23
7020 18
7021 9
7022 8
7023 4
7024 1
7025 7
7026 13
7027 10
7028 8
7029 5
7030 15
7031 7
7032 3
7033 22
7034 1
7035 10
7036 19
7037 17
7038 5
7039 13
7040 8
7041 16
7042 7
7043 4
7044 2
7045 8
7046 16
7047 21
7048 8
7049 9
7050 12
7051 16
7052 21
7053 17
7054 7
7055 8
7056 8
7057 5
7058 21
7059 11
7060 2
7061 9
7062 10
7063 12
7064 6
7065 11
7066 10
7067 3
7068 3
7069 10
7070 14
7071 8
7072 6
7073 12
7074 10
7075 6
7076 17
7077 22
7078 15
7079 18
7080 20
7081 1
7082 4
7083 16
7084 11
7085 18
7086 12
7087 1
7088 7
7089 5
7090 3
7091 11
7092 7
7093 19
7094 1
7095 6
7096 12
7097 5
7098 9
7099 8
7100 4
7101 11
7102 12
7103 10
7104 8
7105 3
7106 18
7107 6
7108 14
7109 16
7110 16
7111 16
7112 8
7113 18
7114 12
7115 11
7116 3
7117 14
7118 2
7119 20
7120 18
7121 13
7122 15
7123 3
7124 16
7125 1
7126 2
7127 11
7128 12
7129 19
7130 8
7131 6
7132 8
7133 22
7134 13
7135 10
7136 16
7137 11
7138 13
7139 10
7140 21
7141 3
7142 19
7143 17
7144 5
7145 1
7146 13
7147 7
7148 17
7149 4
7150 11
7151 12
7152 3
7153 21
7154 10
7155 18
7156 5
7157 18
7158 18
7159 8
7160 2
7161 19
7162 13
7163 19
7164 12
7165 6
7166 13
7167 11
7168 26
7169 11
7170 15
7171 16
7172 10
7173 22
7174 5
7175 20
7176 4
7177 15
7178 23
7179 5
7180 19
7181 4
7182 13
7183 24
7184 20
7185 17
7186 5
7187 12
7188 8
7189 10
7190 16
7191 4
7192 8
7193 11
7194 7
7195 15
7196 10
7197 22
7198 18
7199 2
7200 4
7201 14
7202 15
7203 13
7204 3
7205 5
7206 12
7207 6
7208 1
7209 12
7210 18
7211 2
7212 18
7213 1
7214 13
7215 2
7216 8
7217 20
7218 19
7219 17
7220 4
7221 4
7222 15
7223 13
7224 21
7225 10
7226 1
7227 3
7228 2
7229 11
7230 21
7231 3
7232 20
7233 6
7234 8
7235 14
7236 9
7237 19
7238 22
7239 5
7240 5
7241 4
7242 1
7243 13
7244 9
7245 19
7246 10
7247 7
7248 17
7249 1
7250 5
7251 11
7252 14
7253 9
7254 5
7255 3
7256 7
7257 22
7258 4
7259 21
7260 3
7261 19
7262 8
7263 24
7264 16
7265 7
7266 8
7267 8
7268 11
7269 17
7270 19
7271 8
7272 15
7273 2
7274 13
7275 2
7276 20
7277 5
7278 14
7279 15
7280 5
7281 1
7282 26
7283 2
7284 1
7285 3
7286 14
7287 9
7288 15
7289 11
7290 15
7291 11
7292 8
7293 17
7294 2
7295 8
7296 7
7297 4
7298 5
7299 12
7300 7
7301 6
7302 5
7303 23
7304 15
7305 13
7306 3
7307 15
7308 7
7309 2
7310 9
7311 22
7312 14
7313 9
7314 1
7315 17
7316 12
7317 8
7318 14
7319 2
7320 13
7321 15
7322 16
7323 1
7324 9
7325 5
7326 12
7327 2
7328 6
7329 17
7330 12
7331 20
7332 2
7333 4
7334 16
7335 3
7336 15
7337 16
7338 1
7339 12
7340 6
7341 10
7342 16
7343 18
7344 9
7345 10
7346 1
7347 6
7348 8
7349 1
7350 18
7351 2
7352 13
7353 4
7354 12
7355 17
7356 25
7357 3
7358 20
7359 1
7360 16
7361 11
7362 17
7363 8
7364 18
7365 11
7366 11
7367 13
7368 20
7369 10
7370 11
7371 20
7372 2
7373 9
7374 4
7375 1
7376 9
7377 10
7378 2
7379 10
7380 10
7381 10
7382 21
7383 17
7384 2
7385 7
7386 14
7387 1
7388 12
7389 19
7390 5
7391 5
7392 2
7393 12
7394 14
7395 16
7396 4
7397 5
7398 9
7399 8
7400 2
7401 15
7402 18
7403 11
7404 15
7405 14
7406 16
7407 9
7408 7
7409 17
7410 14
7411 14
7412 17
7413 13
7414 20
7415 18
7416 10
7417 2
7418 3
7419 21
7420 9
7421 16
7422 8
7423 8
7424 13
7425 8
7426 5
7427 16
7428 14
7429 22
7430 7
7431 17
7432 2
7433 17
7434 16
7435 4
7436 14
7437 20
7438 15
7439 2
7440 14
7441 14
7442 16
7443 10
7444 9
7445 16
7446 17
7447 12
7448 1
7449 23
7450 18
7451 1
7452 19
7453 15
7454 7
7455 20
7456 17
7457 10
7458 5
7459 18
7460 15
7461 16
7462 16
7463 21
7464 9
7465 13
7466 4
7467 13
7468 5
7469 17
7470 3
7471 18
7472 17
7473 5
7474 2
7475 9
7476 1
7477 14
7478 15
7479 1
7480 8
7481 18
7482 13
7483 7
7484 13
7485 5
7486 6
7487 14
7488 15
7489 16
7490 23
7491 5
7492 11
7493 13
7494 15
7495 2
7496 6
7497 2
7498 10
7499 3
7500 12
7501 5
7502 26
7503 4
7504 20
7505 9
7506 2
7507 16
7508 17
7509 24
7510 19
7511 23
7512 14
7513 2
7514 15
7515 16
7516 19
7517 2
7518 4
7519 3
7520 10
7521 1
7522 8
7523 8
7524 4
7525 6
7526 16
7527 11
7528 9
7529 9
7530 16
7531 8
7532 11
7533 8
7534 9
7535 7
7536 6
7537 7
7538 3
7539 19
7540 9
7541 3
7542 12
7543 1
7544 8
7545 21
7546 3
7547 1
7548 19
7549 7
7550 15
7551 3
7552 18
7553 1
7554 15
7555 8
7556 23
7557 6
7558 6
7559 18
7560 16
7561 17
7562 14
7563 17
7564 6
7565 6
7566 5
7567 15
7568 8
7569 8
7570 19
7571 16
7572 16
7573 8
7574 2
7575 2
7576 20
7577 12
7578 1
7579 8
7580 23
7581 4
7582 13
7583 6
7584 18
7585 17
7586 13
7587 9
7588 9
7589 16
7590 6
7591 22
7592 17
7593 14
7594 17
7595 9
7596 7
7597 21
7598 17
7599 1
7600 15
7601 20
7602 11
7603 7
7604 4
7605 12
7606 1
7607 17
7608 2
7609 17
7610 19
7611 5
7612 5
7613 7
7614 15
7615 4
7616 9
7617 11
7618 14
7619 13
7620 5
7621 25
7622 2
7623 3
7624 7
7625 20
7626 5
7627 5
7628 15
7629 6
7630 13
7631 3
7632 12
7633 8
7634 11
7635 16
7636 10
7637 11
7638 18
7639 22
7640 3
7641 18
7642 5
7643 8
7644 1
7645 15
7646 5
7647 18
7648 13
7649 9
7650 18
7651 18
7652 19
7653 8
7654 7
7655 6
7656 8
7657 6
7658 13
7659 10
7660 12
7661 10
7662 11
7663 8
7664 11
7665 19
7666 12
7667 20
7668 2
7669 10
7670 2
7671 10
7672 17
7673 18
7674 11
7675 10
7676 18
7677 12
7678 17
7679 19
7680 11
7681 2
7682 6
7683 20
7684 13
7685 4
7686 15
7687 1
7688 2
7689 13
7690 11
7691 15
7692 19
7693 15
7694 9
7695 3
7696 15
7697 11
7698 5
7699 2
7700 11
7701 6
7702 11
7703 13
7704 19
7705 7
7706 18
7707 10
7708 12
7709 13
7710 23
7711 7
7712 19
7713 9
7714 11
7715 11
7716 15
7717 4
7718 22
7719 15
7720 5
7721 7
7722 21
7723 14
7724 3
7725 16
7726 26
7727 10
7728 1
7729 20
7730 1
7731 4
7732 9
7733 11
7734 18
7735 13
7736 14
7737 15
7738 8
7739 11
7740 1
7741 1
7742 4
7743 10
7744 2
7745 1
7746 10
7747 5
7748 13
7749 20
7750 2
7751 15
7752 8
7753 7
7754 13
7755 12
7756 13
7757 7
7758 17
7759 10
7760 8
7761 16
7762 1
7763 6
7764 12
7765 17
7766 3
7767 16
7768 21
7769 14
7770 18
7771 6
7772 1
7773 20
7774 22
7775 18
7776 13
7777 19
7778 9
7779 20
7780 14
7781 4
7782 22
7783 8
7784 14
7785 18
7786 7
7787 17
7788 12
7789 9
7790 9
7791 14
7792 16
7793 7
7794 9
7795 14
7796 14
7797 21
7798 1
7799 5
7800 13
7801 14
7802 16
7803 16
7804 20
7805 8
7806 15
7807 9
7808 6
7809 11
7810 5
7811 7
7812 2
7813 19
7814 9
7815 20
7816 12
7817 1
7818 1
7819 20
7820 13
7821 17
7822 22
7823 14
7824 5
7825 1
7826 17
7827 2
7828 2
7829 16
7830 9
7831 4
7832 1
7833 7
7834 14
7835 7
7836 15
7837 8
7838 2
7839 16
7840 4
7841 22
7842 11
7843 16
7844 4
7845 12
7846 8
7847 11
7848 5
7849 6
7850 4
7851 16
7852 15
7853 13
7854 2
7855 10
7856 2
7857 3
7858 9
7859 19
7860 6
7861 1
7862 10
7863 16
7864 22
7865 4
7866 5
7867 11
7868 10
7869 15
7870 18
7871 16
7872 19
7873 5
7874 9
7875 4
7876 4
7877 3
7878 15
7879 15
7880 18
7881 10
7882 9
7883 11
7884 20
7885 14
7886 7
7887 7
7888 2
7889 17
7890 18
7891 2
7892 22
7893 13
7894 2
7895 2
7896 15
7897 18
7898 1
7899 12
7900 13
7901 6
7902 19
7903 1
7904 13
7905 3
7906 4
7907 22
7908 2
7909 7
7910 18
7911 15
7912 8
7913 21
7914 9
7915 6
7916 11
7917 6
7918 2
7919 3
7920 1
7921 3
7922 18
7923 17
7924 17
7925 2
7926 16
7927 13
7928 11
7929 4
7930 13
7931 11
7932 7
7933 20
7934 6
7935 17
7936 20
7937 1
7938 10
7939 14
7940 1
7941 9
7942 15
7943 3
7944 15
7945 1
7946 6
7947 21
7948 24
7949 17
7950 6
7951 5
7952 19
7953 18
7954 12
7955 13
7956 4
7957 15
7958 14
7959 7
7960 6
7961 17
7962 13
7963 6
7964 2
7965 6
7966 6
7967 4
7968 2
7969 16
7970 22
7971 21
7972 3
7973 15
7974 18
7975 17
7976 4
7977 3
7978 2
7979 26
7980 2
7981 9
7982 7
7983 15
7984 6
7985 21
7986 8
7987 20
7988 5
7989 1
7990 5
7991 22
7992 18
7993 19
7994 7
7995 2
7996 9
7997 2
7998 13
7999 8
8000 6
8001 7
8002 16
8003 17
8004 9
8005 14
8006 7
8007 6
8008 1
8009 21
8010 9
8011 5
8012 20
8013 19
8014 10
8015 4
8016 1
8017 11
8018 17
8019 3
8020 14
8021 20
8022 4
8023 13
8024 11
8025 14
8026 11
8027 17
8028 10
8029 3
8030 17
8031 1
8032 7
8033 17
8034 3
8035 17
8036 7
8037 10
8038 4
8039 18
8040 3
8041 17
8042 10
8043 13
8044 3
8045 7
8046 7
8047 1
8048 12
8049 15
8050 14
8051 9
8052 9
8053 7
8054 8
8055 7
8056 15
8057 13
8058 20
8059 9
8060 7
8061 3
8062 7
8063 2
8064 16
8065 22
8066 16
8067 5
8068 5
8069 17
8070 11
8071 10
8072 2
8073 8
8074 17
8075 19
8076 8
8077 5
8078 4
8079 2
8080 2
8081 7
8082 8
8083 8
8084 7
8085 5
8086 9
8087 16
8088 4
8089 14
8090 20
8091 17
8092 9
8093 17
8094 9
8095 21
8096 5
8097 21
8098 1
8099 18
8100 10
8101 9
8102 18
8103 11
8104 7
8105 7
8106 15
8107 1
8108 12
8109 13
8110 6
8111 9
8112 6
8113 11
8114 5
8115 7
8116 17
8117 5
8118 17
8119 16
8120 16
8121 16
8122 3
8123 2
8124 12
8125 17
8126 8
8127 1
8128 19
8129 10
8130 16
8131 5
8132 16
8133 7
8134 9
8135 7
8136 21
8137 1
8138 17
8139 18
8140 19
8141 10
8142 4
8143 7
8144 10
8145 2
8146 21
8147 5
8148 14
8149 3
8150 10
8151 1
8152 12
8153 4
8154 2
8155 16
8156 10
8157 1
8158 19
8159 3
8160 21
8161 23
8162 5
8163 17
8164 7
8165 16
8166 7
8167 14
8168 1
8169 9
8170 4
8171 13
8172 23
8173 7
8174 8
8175 9
8176 18
8177 12
8178 14
8179 20
8180 11
8181 7
8182 6
8183 10
8184 11
8185 14
8186 17
8187 3
8188 21
8189 25
8190 5
8191 11
8192 17
8193 7
8194 2
8195 12
8196 4
8197 5
8198 11
8199 5
8200 13
8201 11
8202 11
8203 6
8204 12
8205 7
8206 5
8207 9
8208 9
8209 3
8210 13
8211 5
8212 10
8213 14
8214 6
8215 11
8216 23
8217 11
8218 17
8219 13
8220 7
8221 5
8222 4
8223 4
8224 7
8225 9
8226 9
8227 2
8228 17
8229 18
8230 4
8231 10
8232 19
8233 7
8234 7
8235 13
8236 10
8237 1
8238 10
8239 7
8240 10
8241 7
8242 14
8243 5
8244 8
8245 14
8246 15
8247 14
8248 8
8249 18
8250 1
8251 8
8252 14
8253 19
8254 7
8255 1
8256 19
8257 25
8258 1
8259 15
8260 20
8261 14
8262 15
8263 16
8264 3
8265 4
8266 19
8267 7
8268 2
8269 10
8270 11
8271 4
8272 19
8273 2
8274 11
8275 14
8276 1
8277 16
8278 12
8279 14
8280 14
8281 9
8282 9
8283 5
8284 11
8285 12
8286 13
8287 18
8288 12
8289 17
8290 8
8291 24
8292 9
8293 1
8294 15
8295 13
8296 3
8297 8
8298 6
8299 20
8300 16
8301 8
8302 4
8303 7
8304 14
8305 22
8306 7
8307 9
8308 1
8309 12
8310 1
8311 16
8312 15
8313 3
8314 22
8315 5
8316 7
8317 14
8318 9
8319 3
8320 10
8321 6
8322 4
8323 10
8324 14
8325 15
8326 6
8327 13
8328 4
8329 22
8330 17
8331 8
8332 16
8333 19
8334 2
8335 2
8336 12
8337 1
8338 10
8339 14
8340 22
8341 17
8342 15
8343 6
8344 6
8345 13
8346 12
8347 8
8348 17
8349 2
8350 7
8351 13
8352 23
8353 2
8354 6
8355 1
8356 6
8357 7
8358 2
8359 7
8360 7
8361 8
8362 7
8363 3
8364 12
8365 5
8366 20
8367 17
8368 9
8369 19
8370 4
8371 13
8372 17
8373 10
8374 21
8375 12
8376 13
8377 11
8378 20
8379 13
8380 12
8381 5
8382 18
8383 12
8384 3
8385 14
8386 19
8387 5
8388 1
8389 5
8390 2
8391 17
8392 3
8393 3
8394 13
8395 5
8396 5
8397 17
8398 17
8399 18
8400 8
8401 17
8402 8
8403 3
8404 10
8405 13
8406 7
8407 3
8408 16
8409 8
8410 20
8411 6
8412 15
8413 5
8414 5
8415 17
8416 3
8417 3
8418 11
8419 22
8420 7
8421 16
8422 13
8423 6
8424 1
8425 9
8426 21
8427 18
8428 22
8429 1
8430 7
8431 1
8432 11
8433 10
8434 17
8435 16
8436 14
8437 4
8438 10
8439 6
8440 9
8441 18
8442 14
8443 3
8444 4
8445 17
8446 1
8447 4
8448 18
8449 2
8450 22
8451 11
8452 17
8453 9
8454 16
8455 20
8456 7
8457 10
8458 4
8459 18
8460 12
8461 6
8462 8
8463 14
8464 2
8465 14
8466 1
8467 8
8468 8
8469 16
8470 11
8471 5
8472 7
8473 14
8474 19
8475 4
8476 5
8477 3
8478 12
8479 22
8480 9
8481 12
8482 18
8483 23
8484 12
8485 2
8486 3
8487 16
8488 19
8489 16
8490 18
8491 20
8492 2
8493 17
8494 8
8495 4
8496 23
8497 19
8498 6
8499 15
8500 21
8501 6
8502 17
8503 7
8504 16
8505 17
8506 6
8507 4
8508 7
8509 13
8510 7
8511 12
8512 13
8513 21
8514 7
8515 20
8516 11
8517 17
8518 16
8519 16
8520 17
8521 3
8522 8
8523 19
8524 2
8525 9
8526 16
8527 23
8528 4
8529 2
8530 5
8531 16
8532 12
8533 4
8534 11
8535 11
8536 19
8537 3
8538 3
8539 20
8540 3
8541 14
8542 12
8543 24
8544 13
8545 19
8546 14
8547 5
8548 19
8549 16
8550 2
8551 4
8552 20
8553 23
8554 14
8555 20
8556 19
8557 3
8558 17
8559 1
8560 3
8561 7
8562 6
8563 15
8564 6
8565 2
8566 10
8567 12
8568 5
8569 7
8570 6
8571 9
8572 7
8573 11
8574 15
8575 3
8576 9
8577 12
8578 10
8579 3
8580 8
8581 5
8582 9
8583 9
8584 11
8585 9
8586 5
8587 19
8588 1
8589 19
8590 10
8591 12
8592 18
8593 3
8594 1
8595 20
8596 1
8597 18
8598 4
8599 15
8600 12
8601 14
8602 6
8603 13
8604 10
8605 3
8606 13
8607 10
8608 13
8609 13
8610 18
8611 21
8612 11
8613 19
8614 19
8615 2
8616 1
8617 11
8618 19
8619 15
8620 1
8621 7
8622 16
8623 17
8624 11
8625 10
8626 12
8627 7
8628 5
8629 5
8630 8
8631 1
8632 10
8633 13
8634 17
8635 4
8636 3
8637 8
8638 2
8639 16
8640 10
8641 18
8642 1
8643 7
8644 9
8645 3
8646 1
8647 8
8648 2
8649 1
8650 2
8651 6
8652 17
8653 2
8654 11
8655 6
8656 12
8657 9
8658 9
8659 16
8660 10
8661 16
8662 22
8663 19
8664 6
8665 9
8666 3
8667 7
8668 3
8669 6
8670 19
8671 20
8672 3
8673 17
8674 5
8675 19
8676 8
8677 20
8678 20
8679 7
8680 6
8681 11
8682 12
8683 17
8684 25
8685 7
8686 3
8687 8
8688 20
8689 2
8690 13
8691 15
8692 9
8693 11
8694 2
8695 1
8696 12
8697 20
8698 16
8699 18
8700 19
8701 19
8702 14
8703 15
8704 8
8705 9
8706 18
8707 18
8708 11
8709 20
8710 1
8711 18
8712 3
8713 11
8714 7
8715 19
8716 2
8717 1
8718 7
8719 16
8720 4
8721 15
8722 16
8723 10
8724 12
8725 19
8726 13
8727 12
8728 3
8729 15
8730 1
8731 18
8732 14
8733 7
8734 2
8735 5
8736 11
8737 2
8738 14
8739 17
8740 9
8741 20
8742 14
8743 12
8744 20
8745 7
8746 19
8747 11
8748 5
8749 24
8750 3
8751 13
8752 14
8753 9
8754 16
8755 3
8756 13
8757 7
8758 5
8759 20
8760 12
8761 22
8762 4
8763 19
8764 14
8765 3
8766 12
8767 14
8768 19
8769 17
8770 19
8771 21
8772 16
8773 11
8774 6
8775 12
8776 11
8777 11
8778 16
8779 3
8780 3
8781 8
8782 17
8783 9
8784 12
8785 18
8786 18
8787 8
8788 9
8789 14
8790 12
8791 13
8792 8
8793 2
8794 12
8795 3
8796 6
8797 10
8798 4
8799 11
8800 7
8801 14
8802 15
8803 2
8804 15
8805 12
8806 3
8807 17
8808 1
8809 12
8810 9
8811 12
8812 6
8813 10
8814 7
8815 8
8816 2
8817 8
8818 6
8819 9
8820 5
8821 19
8822 17
8823 15
8824 25
8825 8
8826 18
8827 3
8828 8
8829 8
8830 18
8831 23
8832 18
8833 20
8834 11
8835 19
8836 17
8837 18
8838 12
8839 13
8840 25
8841 5
8842 5
8843 1
8844 1
8845 16
8846 3
8847 13
8848 9
8849 23
8850 3
8851 21
8852 21
8853 16
8854 12
8855 3
8856 22
8857 16
8858 23
8859 20
8860 1
8861 5
8862 21
8863 7
8864 18
8865 8
8866 16
8867 4
8868 1
8869 21
8870 20
8871 22
8872 8
8873 12
8874 7
8875 11
8876 24
8877 11
8878 5
8879 13
8880 5
8881 8
8882 6
8883 1
8884 21
8885 2
8886 1
8887 7
8888 7
8889 11
8890 2
8891 16
8892 1
8893 16
8894 9
8895 22
8896 12
8897 15
8898 23
8899 15
8900 9
8901 6
8902 7
8903 19
8904 13
8905 7
8906 15
8907 19
8908 5
8909 9
8910 3
8911 21
8912 20
8913 6
8914 2
8915 7
8916 5
8917 3
8918 11
8919 2
8920 14
8921 8
8922 4
8923 2
8924 15
8925 8
8926 15
8927 1
8928 10
8929 3
8930 22
8931 12
8932 2
8933 23
8934 10
8935 9
8936 7
8937 16
8938 4
8939 4
8940 5
8941 16
8942 14
8943 6
8944 18
8945 9
8946 11
8947 8
8948 5
8949 4
8950 4
8951 18
8952 14
8953 12
8954 11
8955 13
8956 11
8957 10
8958 1
8959 8
8960 15
8961 11
8962 20
8963 4
8964 20
8965 17
8966 17
8967 7
8968 18
8969 13
8970 2
8971 4
8972 15
8973 16
8974 6
8975 15
8976 19
8977 8
8978 22
8979 9
8980 2
8981 15
8982 24
8983 14
8984 9
8985 4
8986 7
8987 8
8988 9
8989 9
8990 10
8991 16
8992 15
8993 5
8994 15
8995 2
8996 3
8997 6
8998 19
8999 12
9000 20
9001 1
9002 12
9003 5
9004 2
9005 15
9006 22
9007 18
9008 9
9009 12
9010 19
9011 7
9012 3
9013 12
9014 20
9015 15
9016 19
9017 8
9018 8
9019 5
9020 12
9021 8
9022 18
9023 24
9024 23
9025 12
9026 21
9027 14
9028 3
9029 13
9030 2
9031 21
9032 20
9033 7
9034 6
9035 12
9036 20
9037 19
9038 5
9039 13
9040 15
9041 13
9042 16
9043 14
9044 3
9045 7
9046 9
9047 10
9048 17
9049 5
9050 10
9051 12
9052 8
9053 3
9054 11
9055 2
9056 9
9057 3
9058 19
9059 11
9060 19
9061 9
9062 3
9063 3
9064 1
9065 10
9066 17
9067 18
9068 8
9069 3
9070 10
9071 5
9072 9
9073 17
9074 19
9075 16
9076 2
9077 10
9078 9
9079 12
9080 12
9081 11
9082 15
9083 3
9084 19
9085 6
9086 6
9087 15
9088 5
9089 6
9090 13
9091 23
9092 1
9093 17
9094 10
9095 4
9096 7
9097 2
9098 3
9099 20
9100 3
9101 21
9102 18
9103 18
9104 5
9105 19
9106 6
9107 9
9108 9
9109 17
9110 5
9111 14
9112 15
9113 15
9114 16
9115 20
9116 17
9117 19
9118 8
9119 14
9120 8
9121 10
9122 15
9123 6
9124 4
9125 6
9126 25
9127 14
9128 11
9129 3
9130 9
9131 5
9132 17
9133 1
9134 7
9135 13
9136 2
9137 19
9138 13
9139 18
9140 4
9141 19
9142 18
9143 3
9144 17
9145 4
9146 14
9147 11
9148 6
9149 15
9150 3
9151 21
9152 6
9153 4
9154 15
9155 1
9156 1
9157 10
9158 2
9159 7
9160 4
9161 2
9162 7
9163 19
9164 13
9165 14
9166 7
9167 8
9168 19
9169 2
9170 15
9171 20
9172 10
9173 4
9174 11
9175 12
9176 17
9177 20
9178 3
9179 14
9180 2
9181 4
9182 9
9183 16
9184 13
9185 11
9186 5
9187 9
9188 16
9189 23
9190 6
9191 8
9192 9
9193 13
9194 22
9195 13
9196 4
9197 22
9198 6
9199 14
9200 20
9201 3
9202 11
9203 4
9204 6
9205 9
9206 9
9207 12
9208 9
9209 8
9210 16
9211 12
9212 17
9213 5
9214 16
9215 1
9216 21
9217 12
9218 8
9219 21
9220 18
9221 5
9222 21
9223 6
9224 17
9225 3
9226 1
9227 1
9228 21
9229 21
9230 16
9231 5
9232 15
9233 18
9234 15
9235 12
9236 18
9237 14
9238 14
9239 20
9240 11
9241 9
9242 16
9243 12
9244 5
9245 19
9246 11
9247 12
9248 18
9249 6
9250 10
9251 5
9252 15
9253 16
9254 19
9255 19
9256 4
9257 3
9258 18
9259 1
9260 16
9261 17
9262 7
9263 22
9264 15
9265 1
9266 14
9267 6
9268 13
9269 20
9270 11
9271 18
9272 19
9273 8
9274 22
9275 19
9276 16
9277 2
9278 1
9279 13
9280 21
9281 18
9282 21
9283 3
9284 10
9285 4
9286 6
9287 2
9288 21
9289 1
9290 8
9291 11
9292 2
9293 14
9294 4
9295 12
9296 9
9297 18
9298 1
9299 5
9300 21
9301 1
9302 19
9303 20
9304 13
9305 15
9306 14
9307 8
9308 9
9309 13
9310 5
9311 7
9312 18
9313 7
9314 17
9315 17
9316 11
9317 19
9318 16
9319 23
9320 4
9321 6
9322 12
9323 10
9324 24
9325 14
9326 1
9327 13
9328 7
9329 8
9330 7
9331 21
9332 14
9333 14
9334 20
9335 16
9336 15
9337 12
9338 1
9339 11
9340 9
9341 4
9342 4
9343 11
9344 23
9345 16
9346 13
9347 17
9348 8
9349 8
9350 14
9351 22
9352 11
9353 10
9354 15
9355 7
9356 20
9357 19
9358 12
9359 4
9360 3
9361 23
9362 16
9363 8
9364 18
9365 5
9366 1
9367 2
9368 14
9369 11
9370 5
9371 8
9372 18
9373 16
9374 10
9375 6
9376 3
9377 20
9378 6
9379 12
9380 2
9381 2
9382 1
9383 3
9384 16
9385 6
9386 10
9387 22
9388 12
9389 11
9390 15
9391 2
9392 4
9393 8
9394 16
9395 6
9396 7
9397 20
9398 19
9399 18
9400 19
9401 14
9402 9
9403 17
9404 11
9405 17
9406 22
9407 12
9408 10
9409 7
9410 7
9411 1
9412 8
9413 14
9414 17
9415 16
9416 5
9417 7
9418 9
9419 3
9420 13
9421 18
9422 10
9423 10
9424 3
9425 9
9426 5
9427 12
9428 21
9429 15
9430 13
9431 13
9432 23
9433 17
9434 3
9435 2
9436 8
9437 17
9438 11
9439 5
9440 11
9441 8
9442 9
9443 14
9444 12
9445 10
9446 15
9447 1
9448 2
9449 18
9450 13
9451 7
9452 13
9453 14
9454 10
9455 16
9456 1
9457 8
9458 5
9459 13
9460 2
9461 11
9462 14
9463 2
9464 8
9465 16
9466 20
9467 1
9468 9
9469 10
9470 4
9471 9
9472 9
9473 12
9474 13
9475 2
9476 3
9477 17
9478 9
9479 10
9480 14
9481 22
9482 16
9483 8
9484 17
9485 12
9486 8
9487 2
9488 8
9489 9
9490 6
9491 5
9492 6
9493 17
9494 7
9495 8
9496 20
9497 17
9498 17
9499 5
9500 12
9501 1
9502 10
9503 9
9504 13
9505 22
9506 18
9507 11
9508 2
9509 24
9510 10
9511 21
9512 18
9513 14
9514 7
9515 5
9516 5
9517 17
9518 12
9519 8
9520 19
9521 5
9522 10
9523 7
9524 10
9525 12
9526 11
9527 5
9528 20
9529 15
9530 8
9531 17
9532 4
9533 9
9534 19
9535 18
9536 5
9537 14
9538 1
9539 11
9540 11
9541 2
9542 5
9543 13
9544 4
9545 14
9546 12
9547 15
9548 10
9549 13
9550 3
9551 3
9552 16
9553 10
9554 8
9555 5
9556 2
9557 18
9558 7
9559 2
9560 2
9561 11
9562 2
9563 8
9564 7
9565 1
9566 11
9567 9
9568 16
9569 19
9570 3
9571 7
9572 12
9573 10
9574 2
9575 2
9576 9
9577 1
9578 10
9579 3
9580 13
9581 20
9582 12
9583 5
9584 9
9585 4
9586 2
9587 7
9588 6
9589 20
9590 21
9591 9
9592 16
9593 15
9594 20
9595 23
9596 5
9597 12
9598 5
9599 12
9600 17
9601 17
9602 5
9603 1
9604 7
9605 8
9606 20
9607 1
9608 16
9609 13
9610 14
9611 8
9612 16
9613 7
9614 4
9615 2
9616 14
9617 10
9618 3
9619 1
9620 7
9621 18
9622 1
9623 9
9624 24
9625 10
9626 12
9627 12
9628 22
9629 3
9630 13
9631 18
9632 4
9633 2
9634 15
9635 20
9636 15
9637 13
9638 15
9639 18
9640 11
9641 1
9642 18
9643 17
9644 16
9645 3
9646 5
9647 9
9648 17
9649 14
9650 7
9651 20
9652 8
9653 23
9654 19
9655 17
9656 21
9657 1
9658 13
9659 3
9660 15
9661 11
9662 4
9663 19
9664 9
9665 7
9666 6
9667 17
9668 11
9669 11
9670 6
9671 17
9672 17
9673 13
9674 18
9675 17
9676 9
9677 15
9678 20
9679 21
9680 4
9681 1
9682 1
9683 8
9684 18
9685 16
9686 3
9687 13
9688 18
9689 15
9690 2
9691 10
9692 15
9693 9
9694 2
9695 11
9696 16
9697 10
9698 11
9699 4
9700 13
9701 18
9702 7
9703 1
9704 18
9705 9
9706 2
9707 14
9708 15
9709 5
9710 22
9711 7
9712 12
9713 9
9714 19
9715 15
9716 3
9717 10
9718 20
9719 2
9720 4
9721 7
9722 4
9723 9
9724 2
9725 13
9726 13
9727 17
9728 10
9729 22
9730 4
9731 13
9732 17
9733 1
9734 11
9735 18
9736 16
9737 18
9738 2
9739 20
9740 10
9741 6
9742 7
9743 7
9744 7
9745 3
9746 2
9747 5
9748 6
9749 2
9750 2
9751 5
9752 1
9753 9
9754 11
9755 17
9756 7
9757 6
9758 20
9759 20
9760 2
9761 18
9762 20
9763 17
9764 9
9765 2
9766 16
9767 17
9768 8
9769 1
9770 5
9771 5
9772 19
9773 6
9774 9
9775 1
9776 8
9777 12
9778 13
9779 7
9780 13
9781 1
9782 15
9783 13
9784 15
9785 9
9786 1
9787 16
9788 21
9789 12
9790 3
9791 18
9792 18
9793 8
9794 8
9795 16
9796 2
9797 26
9798 10
9799 13
9800 16
9801 16
9802 4
9803 6
9804 14
9805 14
9806 12
9807 9
9808 3
9809 13
9810 10
9811 18
9812 1
9813 18
9814 1
9815 19
9816 13
9817 3
9818 18
9819 9
9820 21
9821 19
9822 7
9823 9
9824 17
9825 12
9826 18
9827 16
9828 22
9829 15
9830 8
9831 12
9832 11
9833 11
9834 11
9835 2
9836 17
9837 14
9838 4
9839 5
9840 20
9841 17
9842 15
9843 15
9844 12
9845 11
9846 9
9847 2
9848 2
9849 1
9850 16
9851 3
9852 1
9853 17
9854 17
9855 5
9856 9
9857 1
9858 18
9859 9
9860 4
9861 8
9862 17
9863 4
9864 3
9865 2
9866 20
9867 17
9868 14
9869 10
9870 7
9871 4
9872 18
9873 1
9874 2
9875 10
9876 15
9877 8
9878 7
9879 1
9880 13
9881 8
9882 12
9883 13
9884 11
9885 14
9886 19
9887 7
9888 2
9889 16
9890 12
9891 10
9892 2
9893 11
9894 13
9895 8
9896 3
9897 5
9898 9
9899 2
9900 9
9901 5
9902 18
9903 2
9904 2
9905 15
9906 21
9907 18
9908 11
9909 2
9910 22
9911 9
9912 12
9913 13
9914 18
9915 10
9916 6
9917 5
9918 18
9919 18
9920 19
9921 20
9922 2
9923 10
9924 5
9925 13
9926 17
9927 18
9928 3
9929 18
9930 1
9931 9
9932 16
9933 12
9934 20
9935 1
9936 2
9937 13
9938 6
9939 21
9940 10
9941 18
9942 6
9943 7
9944 1
9945 3
9946 16
9947 6
9948 10
9949 6
9950 6
9951 11
9952 17
9953 3
9954 2
9955 3
9956 14
9957 7
9958 4
9959 3
9960 19
9961 4
9962 2
9963 16
9964 21
9965 1
9966 5
9967 7
9968 6
9969 1
9970 3
9971 10
9972 1
9973 19
9974 18
9975 3
9976 17
9977 12
9978 16
9979 11
9980 10
9981 13
9982 16
9983 22
9984 26
9985 16
9986 5
9987 6
9988 18
9989 11
9990 10
9991 6
9992 19
9993 16
9994 8
9995 10
9996 17
9997 3
9998 8
9999 18
