0 1
1 1
2 16
3 11
4 11
5 12
6 5
7 4
8 5
9 13
10 14
11 10
12 3
13 17
14 10
15 6
16 11
17 23
18 13
19 6
20 10
21 20
22 6
23 19
24 4
25 14
26 7
27 14
28 8
29 6
30 15
31 4
32 17
33 4
34 17
35 12
36 2
37 16
38 2
39 19
40 15
41 4
42 15
43 10
44 17
45 10
46 11
47 17
48 4
49 18
50 4
51 7
52 16
53 5
54 20
55 13
56 9
57 14
58 8
59 17
60 5
61 4
62 11
63 19
64 7
65 7
66 9
67 7
68 15
69 8
70 5
71 2
72 6
73 1
74 14
75 10
76 12
77 12
78 9
79 18
80 8
81 19
82 3
83 20
84 14
85 9
86 8
87 13
88 18
89 8
90 6
91 14
92 19
93 16
94 3
95 7
96 12
97 1
98 12
99 17
100 8
101 9
102 8
103 21
104 1
105 18
106 18
107 5
108 2
109 6
110 17
111 7
112 21
113 6
114 4
115 6
116 3
117 14
118 6
119 18
120 15
121 8
122 9
123 4
124 11
125 11
126 9
127 16
128 5
129 12
130 1
131 9
132 14
133 16
134 9
135 6
136 4
137 14
138 11
139 16
140 14
141 17
142 7
143 12
144 19
145 8
146 10
147 15
148 9
149 18
150 19
151 8
152 16
153 1
154 13
155 5
156 11
157 9
158 23
159 13
160 12
161 12
162 18
163 9
164 10
165 18
166 17
167 8
168 12
169 13
170 18
171 16
172 13
173 4
174 19
175 4
176 3
177 14
178 18
179 3
180 21
181 14
182 7
183 2
184 7
185 2
186 15
187 10
188 7
189 21
190 3
191 21
192 2
193 24
194 12
195 13
196 8
197 14
198 5
199 20
200 5
201 19
202 18
203 19
204 11
205 18
206 18
207 19
208 8
209 6
210 15
211 6
212 2
213 11
214 17
215 5
216 11
217 16
218 17
219 2
220 17
221 14
222 19
223 17
224 6
225 5
226 8
227 10
228 10
229 9
230 11
231 8
232 6
233 15
234 1
235 10
236 18
237 12
238 5
239 5
240 9
241 6
242 20
243 12
244 18
245 13
246 1
247 7
248 15
249 11
250 13
251 5
252 10
253 23
254 9
255 4
256 6
257 8
258 5
259 13
260 5
261 19
262 4
263 18
264 12
265 11
266 18
267 16
268 2
269 16
270 12
271 13
272 16
273 9
274 9
275 1
276 6
277 6
278 4
279 7
280 4
281 6
282 6
283 12
284 12
285 6
286 14
287 12
288 7
289 7
290 10
291 6
292 12
293 8
294 20
295 20
296 1
297 8
298 13
299 19
300 8
301 10
302 10
303 21
304 4
305 1
306 6
307 4
308 6
309 16
310 1
311 10
312 3
313 5
314 2
315 3
316 20
317 14
318 17
319 8
320 17
321 14
322 16
323 18
324 11
325 5
326 6
327 12
328 6
329 10
330 4
331 9
332 9
333 15
334 11
335 21
336 6
337 12
338 1
339 3
340 7
341 12
342 18
343 9
344 4
345 9
346 11
347 5
348 19
349 11
350 6
351 21
352 11
353 8
354 13
355 5
356 19
357 21
358 10
359 4
360 4
361 19
362 15
363 12
364 18
365 5
366 2
367 10
368 23
369 17
370 10
371 18
372 9
373 1
374 8
375 6
376 4
377 15
378 5
379 12
380 7
381 8
382 1
383 1
384 12
385 14
386 15
387 2
388 14
389 3
390 7
391 8
392 11
393 15
394 6
395 1
396 17
397 16
398 8
399 10
400 7
401 1
402 18
403 2
404 8
405 4
406 19
407 17
408 6
409 2
410 11
411 17
412 13
413 8
414 9
415 11
416 10
417 14
418 13
419 5
420 21
421 11
422 13
423 11
424 2
425 10
426 8
427 14
428 16
429 1
430 18
431 14
432 3
433 1
434 14
435 18
436 3
437 13
438 13
439 12
440 5
441 8
442 13
443 17
444 19
445 12
446 16
447 12
448 14
449 10
450 17
451 16
452 10
453 6
454 9
455 14
456 4
457 4
458 15
459 2
460 8
461 3
462 4
463 5
464 1
465 10
466 7
467 3
468 14
469 13
470 6
471 3
472 11
473 16
474 4
475 18
476 13
477 18
478 7
479 11
480 15
481 12
482 21
483 14
484 12
485 11
486 18
487 6
488 9
489 9
490 6
491 1
492 18
493 19
494 7
495 16
496 8
497 22
498 2
499 2
500 9
501 3
502 11
503 14
504 4
505 5
506 2
507 5
508 12
509 21
510 16
511 19
512 11
513 2
514 9
515 10
516 7
517 11
518 17
519 10
520 6
521 13
522 2
523 16
524 3
525 19
526 13
527 8
528 15
529 11
530 20
531 3
532 10
533 12
534 5
535 7
536 18
537 17
538 11
539 15
540 6
541 2
542 2
543 9
544 11
545 8
546 4
547 22
548 11
549 16
550 21
551 16
552 9
553 13
554 8
555 7
556 22
557 13
558 2
559 2
560 12
561 20
562 11
563 14
564 11
565 14
566 16
567 18
568 12
569 16
570 1
571 16
572 17
573 6
574 13
575 3
576 11
577 14
578 9
579 7
580 8
581 2
582 9
583 6
584 7
585 7
586 10
587 11
588 3
589 7
590 3
591 19
592 11
593 23
594 16
595 4
596 4
597 1
598 9
599 8
600 17
601 3
602 16
603 8
604 20
605 12
606 4
607 14
608 7
609 4
610 17
611 12
612 5
613 13
614 12
615 2
616 15
617 2
618 13
619 9
620 1
621 3
622 3
623 3
624 11
625 4
626 1
627 8
628 3
629 7
630 4
631 24
632 19
633 9
634 7
635 1
636 14
637 18
638 2
639 6
640 3
641 6
642 8
643 1
644 13
645 16
646 1
647 15
648 19
649 13
650 10
651 2
652 14
653 11
654 15
655 4
656 15
657 9
658 6
659 21
660 4
661 19
662 20
663 7
664 15
665 9
666 21
667 12
668 18
669 19
670 4
671 18
672 10
673 1
674 4
675 17
676 5
677 18
678 2
679 24
680 3
681 3
682 6
683 7
684 23
685 21
686 8
687 1
688 3
689 16
690 12
691 2
692 25
693 3
694 21
695 3
696 2
697 11
698 1
699 3
700 18
701 18
702 16
703 5
704 10
705 2
706 17
707 13
708 1
709 3
710 4
711 1
712 5
713 8
714 8
715 13
716 6
717 19
718 9
719 5
720 16
721 17
722 1
723 15
724 1
725 10
726 6
727 9
728 6
729 15
730 11
731 7
732 2
733 7
734 3
735 2
736 6
737 2
738 14
739 7
740 8
741 12
742 10
743 1
744 11
745 1
746 17
747 17
748 2
749 11
750 7
751 14
752 15
753 12
754 14
755 9
756 7
757 3
758 2
759 12
760 8
761 11
762 15
763 13
764 15
765 13
766 19
767 16
768 19
769 1
770 10
771 17
772 14
773 17
774 4
775 10
776 13
777 8
778 1
779 2
780 1
781 6
782 9
783 21
784 14
785 6
786 7
787 13
788 5
789 10
790 24
791 2
792 7
793 19
794 5
795 8
796 1
797 4
798 18
799 12
800 17
801 7
802 11
803 16
804 8
805 14
806 7
807 14
808 2
809 10
810 5
811 4
812 19
813 15
814 18
815 9
816 17
817 3
818 11
819 7
820 11
821 2
822 12
823 12
824 11
825 5
826 16
827 17
828 15
829 21
830 13
831 3
832 3
833 2
834 11
835 7
836 2
837 9
838 7
839 15
840 12
841 5
842 21
843 7
844 13
845 17
846 2
847 3
848 11
849 14
850 15
851 12
852 5
853 2
854 1
855 1
856 10
857 15
858 9
859 9
860 1
861 14
862 1
863 4
864 14
865 14
866 13
867 15
868 13
869 9
870 3
871 24
872 13
873 4
874 8
875 15
876 11
877 2
878 7
879 21
880 14
881 22
882 12
883 1
884 18
885 2
886 11
887 18
888 20
889 7
890 1
891 15
892 10
893 20
894 7
895 4
896 5
897 2
898 8
899 11
900 12
901 10
902 7
903 23
904 8
905 10
906 17
907 7
908 21
909 4
910 12
911 15
912 14
913 14
914 3
915 3
916 17
917 3
918 14
919 8
920 7
921 10
922 17
923 10
924 3
925 6
926 16
927 14
928 5
929 12
930 7
931 17
932 14
933 18
934 17
935 23
936 9
937 12
938 3
939 12
940 17
941 12
942 7
943 13
944 7
945 16
946 17
947 3
948 22
949 4
950 7
951 9
952 21
953 3
954 20
955 5
956 23
957 20
958 19
959 9
960 4
961 10
962 3
963 21
964 18
965 16
966 20
967 9
968 5
969 8
970 6
971 15
972 19
973 13
974 8
975 3
976 6
977 2
978 3
979 3
980 16
981 10
982 16
983 5
984 12
985 18
986 7
987 13
988 2
989 14
990 4
991 7
992 14
993 1
994 17
995 9
996 4
997 4
998 13
999 11
1000 7
1001 21
1002 2
1003 2
1004 8
1005 11
1006 8
1007 8
1008 15
1009 7
1010 20
1011 17
1012 5
1013 3
1014 15
1015 11
1016 12
1017 11
1018 14
1019 10
1020 14
1021 6
1022 3
1023 7
1024 21
1025 20
1026 2
1027 12
1028 2
1029 15
1030 14
1031 23
1032 3
1033 8
1034 14
1035 7
1036 3
1037 5
1038 11
1039 8
1040 15
1041 1
1042 12
1043 18
1044 2
1045 15
1046 8
1047 10
1048 6
1049 14
1050 7
1051 2
1052 14
1053 7
1054 4
1055 17
1056 11
1057 20
1058 9
1059 3
1060 8
1061 9
1062 3
1063 10
1064 18
1065 23
1066 16
1067 8
1068 1
1069 12
1070 9
1071 19
1072 12
1073 2
1074 10
1075 4
1076 5
1077 4
1078 9
1079 4
1080 10
1081 13
1082 11
1083 6
1084 1
1085 1
1086 6
1087 11
1088 15
1089 5
1090 2
1091 9
1092 15
1093 12
1094 5
1095 15
1096 13
1097 8
1098 14
1099 19
1100 13
1101 10
1102 4
1103 1
1104 15
1105 13
1106 5
1107 2
1108 17
1109 17
1110 14
1111 5
1112 18
1113 4
1114 13
1115 19
1116 6
1117 16
1118 14
1119 15
1120 4
1121 15
1122 1
1123 9
1124 20
1125 6
1126 8
1127 15
1128 14
1129 18
1130 7
1131 15
1132 2
1133 15
1134 1
1135 15
1136 3
1137 9
1138 9
1139 12
1140 20
1141 8
1142 20
1143 20
1144 16
1145 10
1146 19
1147 2
1148 12
1149 13
1150 14
1151 17
1152 11
1153 18
1154 16
1155 10
1156 19
1157 12
1158 13
1159 11
1160 4
1161 4
1162 7
1163 2
1164 22
1165 4
1166 12
1167 11
1168 20
1169 9
1170 17
1171 14
1172 9
1173 11
1174 16
1175 7
1176 9
1177 11
1178 1
1179 3
1180 12
1181 12
1182 17
1183 7
1184 10
1185 12
1186 10
1187 1
1188 17
1189 3
1190 2
1191 11
1192 6
1193 6
1194 7
1195 11
1196 5
1197 3
1198 7
1199 2
1200 8
1201 20
1202 17
1203 4
1204 18
1205 17
1206 11
1207 18
1208 3
1209 12
1210 5
1211 20
1212 11
1213 20
1214 20
1215 12
1216 4
1217 8
1218 23
1219 13
1220 2
1221 11
1222 10
1223 7
1224 19
1225 11
1226 16
1227 18
1228 7
1229 17
1230 1
1231 13
1232 18
1233 22
1234 15
1235 17
1236 13
1237 21
1238 2
1239 9
1240 11
1241 6
1242 22
1243 2
1244 13
1245 18
1246 18
1247 19
1248 4
1249 17
1250 15
1251 4
1252 10
1253 3
1254 2
1255 17
1256 13
1257 12
1258 17
1259 8
1260 17
1261 13
1262 5
1263 7
1264 20
1265 20
1266 3
1267 8
1268 13
1269 2
1270 15
1271 8
1272 10
1273 17
1274 2
1275 22
1276 1
1277 14
1278 4
1279 14
1280 19
1281 13
1282 19
1283 18
1284 7
1285 5
1286 14
1287 20
1288 6
1289 7
1290 13
1291 20
1292 9
1293 9
1294 9
1295 11
1296 8
1297 15
1298 9
1299 11
1300 9
1301 17
1302 18
1303 8
1304 4
1305 3
1306 16
1307 19
1308 14
1309 5
1310 8
1311 17
1312 12
1313 10
1314 9
1315 1
1316 12
1317 18
1318 10
1319 12
1320 5
1321 3
1322 10
1323 20
1324 4
1325 19
1326 16
1327 12
1328 3
1329 13
1330 16
1331 14
1332 4
1333 13
1334 3
1335 7
1336 13
1337 12
1338 12
1339 19
1340 16
1341 11
1342 5
1343 14
1344 14
1345 6
1346 1
1347 12
1348 11
1349 10
1350 14
1351 5
1352 3
1353 12
1354 10
1355 21
1356 1
1357 5
1358 14
1359 3
1360 20
1361 8
1362 1
1363 1
1364 20
1365 16
1366 4
1367 6
1368 2
1369 9
1370 11
1371 2
1372 8
1373 17
1374 14
1375 5
1376 9
1377 4
1378 14
1379 7
1380 4
1381 9
1382 6
1383 2
1384 16
1385 10
1386 16
1387 9
1388 10
1389 3
1390 3
1391 17
1392 2
1393 13
1394 1
1395 15
1396 3
1397 4
1398 22
1399 14
1400 12
1401 10
1402 14
1403 16
1404 5
1405 17
1406 19
1407 17
1408 2
1409 5
1410 11
1411 16
1412 18
1413 14
1414 18
1415 11
1416 18
1417 7
1418 15
1419 17
1420 2
1421 21
1422 17
1423 14
1424 18
1425 1
1426 5
1427 20
1428 18
1429 18
1430 9
1431 5
1432 9
1433 15
1434 12
1435 6
1436 17
1437 19
1438 6
1439 14
1440 19
1441 5
1442 16
1443 6
1444 19
1445 3
1446 7
1447 1
1448 1
1449 14
1450 2
1451 20
1452 3
1453 12
1454 6
1455 12
1456 12
1457 13
1458 7
1459 12
1460 12
1461 8
1462 18
1463 14
1464 9
1465 10
1466 9
1467 12
1468 8
1469 8
1470 13
1471 19
1472 8
1473 17
1474 18
1475 1
1476 15
1477 11
1478 18
1479 10
1480 5
1481 17
1482 15
1483 12
1484 5
1485 2
1486 3
1487 11
1488 21
1489 1
1490 12
1491 7
1492 9
1493 16
1494 21
1495 5
1496 15
1497 13
1498 1
1499 13
1500 17
1501 11
1502 14
1503 20
1504 10
1505 19
1506 11
1507 6
1508 16
1509 3
1510 6
1511 14
1512 10
1513 4
1514 20
1515 10
1516 7
1517 13
1518 6
1519 6
1520 3
1521 2
1522 13
1523 13
1524 8
1525 5
1526 17
1527 8
1528 14
1529 9
1530 2
1531 16
1532 16
1533 3
1534 16
1535 12
1536 18
1537 13
1538 11
1539 14
1540 9
1541 10
1542 19
1543 8
1544 3
1545 16
1546 3
1547 6
1548 4
1549 21
1550 18
1551 3
1552 11
1553 7
1554 19
1555 9
1556 7
1557 9
1558 7
1559 1
1560 10
1561 1
1562 9
1563 1
1564 7
1565 8
1566 16
1567 4
1568 4
1569 1
1570 12
1571 8
1572 8
1573 7
1574 7
1575 5
1576 15
1577 21
1578 16
1579 21
1580 21
1581 1
1582 2
1583 12
1584 18
1585 3
1586 6
1587 12
1588 15
1589 21
1590 6
1591 5
1592 19
1593 7
1594 15
1595 7
1596 5
1597 19
1598 13
1599 16
1600 2
1601 6
1602 14
1603 16
1604 8
1605 5
1606 4
1607 19
1608 13
1609 8
1610 8
1611 2
1612 4
1613 8
1614 15
1615 21
1616 18
1617 7
1618 4
1619 6
1620 12
1621 9
1622 13
1623 10
1624 5
1625 18
1626 10
1627 19
1628 21
1629 20
1630 17
1631 20
1632 3
1633 20
1634 7
1635 3
1636 3
1637 15
1638 8
1639 2
1640 2
1641 11
1642 15
1643 22
1644 19
1645 4
1646 20
1647 17
1648 18
1649 10
1650 5
1651 19
1652 5
1653 13
1654 4
1655 10
1656 15
1657 10
1658 11
1659 17
1660 12
1661 15
1662 22
1663 14
1664 12
1665 5
1666 6
1667 11
1668 3
1669 8
1670 13
1671 6
1672 7
1673 21
1674 14
1675 1
1676 4
1677 6
1678 15
1679 7
1680 7
1681 14
1682 22
1683 13
1684 13
1685 16
1686 14
1687 15
1688 7
1689 13
1690 2
1691 16
1692 7
1693 16
1694 12
1695 20
1696 12
1697 3
1698 8
1699 15
1700 15
1701 12
1702 11
1703 6
1704 6
1705 5
1706 23
1707 16
1708 9
1709 12
1710 12
1711 5
1712 4
1713 16
1714 15
1715 4
1716 17
1717 6
1718 5
1719 5
1720 15
1721 18
1722 8
1723 11
1724 17
1725 1
1726 15
1727 5
1728 18
1729 4
1730 8
1731 2
1732 7
1733 8
1734 6
1735 22
1736 2
1737 14
1738 11
1739 17
1740 8
1741 12
1742 16
1743 14
1744 15
1745 17
1746 18
1747 11
1748 15
1749 5
1750 15
1751 5
1752 16
1753 21
1754 14
1755 12
1756 4
1757 3
1758 21
1759 18
1760 16
1761 1
1762 12
1763 2
1764 4
1765 10
1766 13
1767 1
1768 12
1769 6
1770 1
1771 9
1772 18
1773 9
1774 17
1775 16
1776 11
1777 8
1778 15
1779 14
1780 7
1781 22
1782 16
1783 15
1784 4
1785 8
1786 5
1787 12
1788 21
1789 4
1790 5
1791 15
1792 14
1793 8
1794 14
1795 10
1796 11
1797 15
1798 21
1799 5
1800 19
1801 9
1802 7
1803 16
1804 5
1805 2
1806 7
1807 17
1808 16
1809 9
1810 19
1811 1
1812 11
1813 1
1814 17
1815 8
1816 17
1817 1
1818 12
1819 12
1820 1
1821 9
1822 2
1823 12
1824 16
1825 1
1826 20
1827 19
1828 18
1829 11
1830 8
1831 16
1832 4
1833 13
1834 9
1835 2
1836 15
1837 15
1838 6
1839 12
1840 6
1841 16
1842 15
1843 12
1844 11
1845 12
1846 11
1847 19
1848 4
1849 17
1850 6
1851 12
1852 13
1853 9
1854 4
1855 4
1856 20
1857 11
1858 16
1859 15
1860 8
1861 13
1862 4
1863 2
1864 23
1865 2
1866 7
1867 16
1868 5
1869 12
1870 13
1871 17
1872 3
1873 9
1874 11
1875 15
1876 21
1877 4
1878 17
1879 9
1880 16
1881 3
1882 16
1883 9
1884 1
1885 9
1886 15
1887 2
1888 4
1889 16
1890 14
1891 1
1892 8
1893 14
1894 19
1895 18
1896 13
1897 12
1898 8
1899 7
1900 15
1901 5
1902 16
1903 12
1904 9
1905 9
1906 10
1907 12
1908 3
1909 8
1910 9
1911 8
1912 1
1913 9
1914 19
1915 1
1916 12
1917 18
1918 3
1919 13
1920 7
1921 18
1922 12
1923 16
1924 15
1925 10
1926 14
1927 5
1928 10
1929 1
1930 15
1931 20
1932 6
1933 18
1934 1
1935 16
1936 5
1937 4
1938 3
1939 15
1940 20
1941 6
1942 9
1943 4
1944 3
1945 3
1946 16
1947 10
1948 14
1949 8
1950 5
1951 13
1952 5
1953 8
1954 13
1955 10
1956 5
1957 1
1958 6
1959 3
1960 3
1961 1
1962 1
1963 15
1964 21
1965 9
1966 19
1967 2
1968 2
1969 17
1970 20
1971 7
1972 10
1973 2
1974 10
1975 3
1976 12
1977 18
1978 17
1979 16
1980 2
1981 19
1982 14
1983 2
1984 7
1985 10
1986 13
1987 9
1988 19
1989 5
1990 13
1991 14
1992 7
1993 13
1994 1
1995 10
1996 21
1997 11
1998 19
1999 4
2000 8
2001 6
2002 7
2003 9
2004 16
2005 20
2006 2
2007 13
2008 1
2009 16
2010 12
2011 5
2012 5
2013 5
2014 4
2015 7
2016 18
2017 2
2018 16
2019 13
2020 6
2021 10
2022 11
2023 2
2024 10
2025 8
2026 16
2027 7
2028 13
2029 19
2030 12
2031 17
2032 20
2033 5
2034 12
2035 2
2036 10
2037 2
2038 18
2039 2
2040 16
2041 18
2042 9
2043 5
2044 19
2045 12
2046 20
2047 8
2048 9
2049 19
2050 10
2051 15
2052 17
2053 7
2054 3
2055 5
2056 16
2057 11
2058 13
2059 22
2060 18
2061 5
2062 15
2063 5
2064 19
2065 8
2066 14
2067 11
2068 3
2069 20
2070 8
2071 8
2072 18
2073 15
2074 6
2075 8
2076 14
2077 18
2078 1
2079 11
2080 5
2081 14
2082 7
2083 11
2084 9
2085 6
2086 2
2087 7
2088 1
2089 2
2090 17
2091 7
2092 6
2093 7
2094 13
2095 17
2096 12
2097 1
2098 1
2099 21
2100 21
2101 4
2102 11
2103 5
2104 14
2105 5
2106 5
2107 11
2108 15
2109 12
2110 10
2111 14
2112 5
2113 12
2114 13
2115 15
2116 19
2117 11
2118 17
2119 17
2120 3
2121 4
2122 9
2123 12
2124 3
2125 12
2126 1
2127 12
2128 21
2129 3
2130 15
2131 19
2132 17
2133 10
2134 20
2135 21
2136 10
2137 9
2138 19
2139 11
2140 6
2141 2
2142 15
2143 17
2144 4
2145 22
2146 7
2147 17
2148 17
2149 5
2150 17
2151 15
2152 13
2153 21
2154 9
2155 19
2156 16
2157 18
2158 9
2159 15
2160 10
2161 20
2162 2
2163 19
2164 11
2165 16
2166 10
2167 3
2168 1
2169 16
2170 13
2171 4
2172 21
2173 14
2174 6
2175 15
2176 15
2177 3
2178 9
2179 11
2180 18
2181 6
2182 18
2183 3
2184 1
2185 3
2186 2
2187 17
2188 10
2189 6
2190 3
2191 6
2192 7
2193 15
2194 11
2195 4
2196 20
2197 9
2198 6
2199 5
2200 4
2201 6
2202 4
2203 17
2204 17
2205 16
2206 23
2207 11
2208 17
2209 7
2210 10
2211 17
2212 13
2213 14
2214 9
2215 9
2216 13
2217 16
2218 9
2219 6
2220 17
2221 16
2222 3
2223 27
2224 19
2225 14
2226 3
2227 15
2228 13
2229 14
2230 11
2231 9
2232 5
2233 1
2234 14
2235 15
2236 15
2237 13
2238 6
2239 8
2240 9
2241 25
2242 10
2243 8
2244 1
2245 4
2246 3
2247 2
2248 1
2249 13
2250 23
2251 4
2252 10
2253 15
2254 15
2255 18
2256 19
2257 10
2258 10
2259 6
2260 9
2261 10
2262 9
2263 19
2264 21
2265 8
2266 10
2267 12
2268 14
2269 12
2270 1
2271 8
2272 22
2273 10
2274 5
2275 21
2276 9
2277 9
2278 3
2279 6
2280 16
2281 3
2282 18
2283 10
2284 12
2285 2
2286 15
2287 2
2288 12
2289 17
2290 11
2291 18
2292 5
2293 5
2294 14
2295 20
2296 3
2297 5
2298 12
2299 6
2300 1
2301 16
2302 3
2303 5
2304 15
2305 2
2306 8
2307 11
2308 11
2309 14
2310 6
2311 13
2312 18
2313 2
2314 15
2315 9
2316 2
2317 15
2318 10
2319 1
2320 16
2321 19
2322 18
2323 18
2324 7
2325 15
2326 12
2327 5
2328 4
2329 18
2330 19
2331 12
2332 23
2333 14
2334 3
2335 20
2336 8
2337 17
2338 17
2339 13
2340 17
2341 5
2342 19
2343 3
2344 1
2345 18
2346 17
2347 2
2348 13
2349 14
2350 11
2351 1
2352 1
2353 1
2354 4
2355 12
2356 9
2357 8
2358 7
2359 14
2360 8
2361 2
2362 9
2363 1
2364 18
2365 4
2366 15
2367 21
2368 5
2369 6
2370 13
2371 20
2372 18
2373 3
2374 2
2375 16
2376 18
2377 5
2378 6
2379 8
2380 2
2381 1
2382 15
2383 20
2384 14
2385 13
2386 19
2387 1
2388 5
2389 10
2390 12
2391 8
2392 10
2393 12
2394 12
2395 11
2396 4
2397 17
2398 14
2399 11
2400 21
2401 19
2402 11
2403 8
2404 1
2405 13
2406 16
2407 1
2408 15
2409 12
2410 1
2411 13
2412 12
2413 3
2414 8
2415 5
2416 17
2417 4
2418 8
2419 4
2420 12
2421 14
2422 2
2423 1
2424 17
2425 1
2426 5
2427 4
2428 10
2429 1
2430 19
2431 11
2432 11
2433 12
2434 20
2435 12
2436 1
2437 16
2438 6
2439 2
2440 7
2441 9
2442 2
2443 9
2444 3
2445 15
2446 1
2447 10
2448 17
2449 20
2450 14
2451 19
2452 5
2453 20
2454 5
2455 9
2456 1
2457 19
2458 16
2459 16
2460 12
2461 8
2462 5
2463 10
2464 19
2465 21
2466 1
2467 8
2468 14
2469 17
2470 8
2471 14
2472 9
2473 12
2474 13
2475 10
2476 2
2477 6
2478 12
2479 8
2480 9
2481 4
2482 18
2483 7
2484 9
2485 17
2486 17
2487 7
2488 6
2489 17
2490 13
2491 7
2492 5
2493 7
2494 7
2495 15
2496 10
2497 1
2498 7
2499 20
2500 19
2501 3
2502 18
2503 21
2504 12
2505 20
2506 10
2507 14
2508 6
2509 18
2510 13
2511 15
2512 18
2513 5
2514 12
2515 3
2516 24
2517 19
2518 1
2519 18
2520 18
2521 6
2522 2
2523 20
2524 7
2525 10
2526 17
2527 14
2528 4
2529 4
2530 18
2531 2
2532 13
2533 10
2534 5
2535 7
2536 10
2537 15
2538 17
2539 22
2540 1
2541 2
2542 10
2543 7
2544 13
2545 11
2546 5
2547 11
2548 7
2549 9
2550 12
2551 19
2552 13
2553 4
2554 17
2555 2
2556 15
2557 3
2558 4
2559 8
2560 14
2561 13
2562 5
2563 4
2564 3
2565 19
2566 7
2567 2
2568 14
2569 20
2570 15
2571 2
2572 14
2573 16
2574 20
2575 15
2576 9
2577 2
2578 10
2579 13
2580 20
2581 6
2582 9
2583 20
2584 16
2585 11
2586 18
2587 16
2588 13
2589 8
2590 5
2591 8
2592 21
2593 16
2594 4
2595 11
2596 17
2597 20
2598 16
2599 2
2600 20
2601 18
2602 12
2603 8
2604 17
2605 5
2606 2
2607 8
2608 6
2609 4
2610 2
2611 9
2612 2
2613 2
2614 11
2615 18
2616 5
2617 19
2618 12
2619 19
2620 6
2621 15
2622 6
2623 14
2624 2
2625 3
2626 16
2627 15
2628 4
2629 3
2630 16
2631 1
2632 11
2633 13
2634 3
2635 15
2636 18
2637 6
2638 10
2639 10
2640 9
2641 15
2642 14
2643 7
2644 10
2645 12
2646 17
2647 15
2648 15
2649 11
2650 3
2651 13
2652 1
2653 4
2654 22
2655 14
2656 16
2657 17
2658 12
2659 7
2660 18
2661 14
2662 2
2663 19
2664 20
2665 21
2666 4
2667 8
2668 13
2669 17
2670 7
2671 8
2672 6
2673 15
2674 13
2675 7
2676 2
2677 3
2678 19
2679 15
2680 21
2681 16
2682 17
2683 14
2684 9
2685 15
2686 14
2687 5
2688 10
2689 19
2690 17
2691 13
2692 9
2693 4
2694 19
2695 21
2696 1
2697 6
2698 18
2699 20
2700 14
2701 13
2702 18
2703 16
2704 16
2705 9
2706 4
2707 21
2708 2
2709 4
2710 14
2711 15
2712 2
2713 13
2714 1
2715 12
2716 1
2717 11
2718 8
2719 15
2720 3
2721 14
2722 16
2723 13
2724 18
2725 11
2726 16
2727 12
2728 6
2729 18
2730 2
2731 6
2732 12
2733 13
2734 6
2735 12
2736 1
2737 13
2738 8
2739 1
2740 3
2741 1
2742 18
2743 20
2744 10
2745 5
2746 9
2747 16
2748 21
2749 16
2750 19
2751 6
2752 2
2753 8
2754 12
2755 1
2756 15
2757 1
2758 23
2759 17
2760 4
2761 10
2762 5
2763 17
2764 15
2765 18
2766 9
2767 3
2768 12
2769 22
2770 21
2771 11
2772 16
2773 3
2774 10
2775 1
2776 5
2777 2
2778 18
2779 19
2780 4
2781 11
2782 19
2783 15
2784 10
2785 12
2786 5
2787 9
2788 16
2789 14
2790 14
2791 1
2792 7
2793 15
2794 12
2795 1
2796 19
2797 17
2798 7
2799 12
2800 5
2801 4
2802 18
2803 1
2804 11
2805 13
2806 9
2807 14
2808 16
2809 18
2810 5
2811 15
2812 19
2813 4
2814 9
2815 18
2816 9
2817 14
2818 14
2819 7
2820 13
2821 12
2822 16
2823 18
2824 15
2825 10
2826 16
2827 21
2828 6
2829 6
2830 11
2831 17
2832 15
2833 13
2834 2
2835 17
2836 18
2837 20
2838 11
2839 3
2840 4
2841 11
2842 18
2843 4
2844 16
2845 16
2846 11
2847 3
2848 12
2849 16
2850 13
2851 13
2852 2
2853 13
2854 2
2855 11
2856 14
2857 2
2858 10
2859 5
2860 7
2861 20
2862 15
2863 15
2864 1
2865 18
2866 2
2867 19
2868 18
2869 3
2870 11
2871 19
2872 9
2873 12
2874 2
2875 4
2876 3
2877 20
2878 10
2879 6
2880 11
2881 16
2882 13
2883 14
2884 5
2885 16
2886 19
2887 15
2888 14
2889 10
2890 12
2891 1
2892 2
2893 16
2894 20
2895 3
2896 14
2897 18
2898 18
2899 1
2900 10
2901 7
2902 6
2903 18
2904 21
2905 14
2906 7
2907 15
2908 8
2909 1
2910 8
2911 9
2912 14
2913 13
2914 9
2915 4
2916 10
2917 7
2918 14
2919 3
2920 16
2921 1
2922 3
2923 17
2924 2
2925 11
2926 5
2927 1
2928 8
2929 3
2930 18
2931 16
2932 9
2933 5
2934 11
2935 2
2936 9
2937 9
2938 6
2939 2
2940 14
2941 22
2942 8
2943 13
2944 11
2945 21
2946 7
2947 2
2948 15
2949 10
2950 10
2951 21
2952 6
2953 22
2954 14
2955 2
2956 13
2957 18
2958 17
2959 5
2960 5
2961 1
2962 4
2963 24
2964 12
2965 9
2966 14
2967 9
2968 16
2969 18
2970 1
2971 18
2972 14
2973 8
2974 8
2975 15
2976 4
2977 9
2978 4
2979 17
2980 8
2981 16
2982 8
2983 15
2984 2
2985 9
2986 22
2987 19
2988 8
2989 18
2990 5
2991 16
2992 10
2993 19
2994 9
2995 17
2996 10
2997 15
2998 1
2999 14
3000 12
3001 19
3002 12
3003 13
3004 16
3005 13
3006 14
3007 14
3008 3
3009 12
3010 2
3011 15
3012 14
3013 6
3014 17
3015 18
3016 3
3017 11
3018 19
3019 19
3020 9
3021 8
3022 7
3023 21
3024 12
3025 6
3026 14
3027 7
3028 19
3029 15
3030 19
3031 12
3032 14
3033 5
3034 4
3035 18
3036 7
3037 9
3038 7
3039 20
3040 11
3041 19
3042 1
3043 13
3044 1
3045 16
3046 11
3047 1
3048 18
3049 14
3050 17
3051 7
3052 17
3053 19
3054 14
3055 20
3056 13
3057 16
3058 10
3059 4
3060 18
3061 9
3062 14
3063 20
3064 5
3065 13
3066 5
3067 8
3068 7
3069 1
3070 7
3071 1
3072 14
3073 1
3074 1
3075 20
3076 3
3077 10
3078 7
3079 18
3080 15
3081 10
3082 8
3083 4
3084 10
3085 10
3086 11
3087 16
3088 11
3089 7
3090 2
3091 12
3092 19
3093 16
3094 17
3095 19
3096 13
3097 3
3098 1
3099 2
3100 6
3101 17
3102 11
3103 16
3104 12
3105 19
3106 1
3107 12
3108 22
3109 2
3110 12
3111 18
3112 18
3113 25
3114 15
3115 10
3116 12
3117 9
3118 19
3119 15
3120 20
3121 16
3122 9
3123 10
3124 5
3125 12
3126 18
3127 13
3128 3
3129 18
3130 1
3131 14
3132 2
3133 12
3134 8
3135 12
3136 12
3137 4
3138 9
3139 22
3140 1
3141 7
3142 4
3143 6
3144 10
3145 16
3146 10
3147 3
3148 11
3149 3
3150 17
3151 6
3152 1
3153 11
3154 16
3155 18
3156 10
3157 2
3158 15
3159 7
3160 4
3161 20
3162 2
3163 10
3164 10
3165 7
3166 11
3167 15
3168 8
3169 19
3170 7
3171 3
3172 11
3173 6
3174 13
3175 13
3176 11
3177 6
3178 2
3179 12
3180 21
3181 17
3182 13
3183 13
3184 14
3185 4
3186 12
3187 18
3188 6
3189 7
3190 9
3191 6
3192 7
3193 9
3194 7
3195 2
3196 7
3197 10
3198 5
3199 6
3200 5
3201 16
3202 12
3203 3
3204 1
3205 4
3206 15
3207 14
3208 3
3209 13
3210 2
3211 21
3212 7
3213 10
3214 11
3215 13
3216 12
3217 3
3218 16
3219 17
3220 12
3221 1
3222 9
3223 10
3224 16
3225 16
3226 4
3227 10
3228 12
3229 3
3230 23
3231 12
3232 7
3233 16
3234 7
3235 9
3236 20
3237 18
3238 2
3239 22
3240 5
3241 16
3242 11
3243 4
3244 8
3245 13
3246 1
3247 13
3248 6
3249 1
3250 6
3251 20
3252 13
3253 1
3254 4
3255 4
3256 16
3257 10
3258 23
3259 9
3260 20
3261 17
3262 20
3263 23
3264 18
3265 7
3266 7
3267 4
3268 6
3269 10
3270 8
3271 8
3272 11
3273 22
3274 1
3275 9
3276 11
3277 6
3278 13
3279 10
3280 15
3281 16
3282 17
3283 17
3284 1
3285 9
3286 7
3287 20
3288 6
3289 9
3290 2
3291 18
3292 21
3293 14
3294 9
3295 18
3296 22
3297 8
3298 10
3299 18
3300 6
3301 9
3302 2
3303 12
3304 17
3305 21
3306 5
3307 13
3308 12
3309 13
3310 14
3311 19
3312 13
3313 10
3314 8
3315 18
3316 18
3317 21
3318 5
3319 8
3320 11
3321 6
3322 9
3323 5
3324 7
3325 13
3326 14
3327 13
3328 11
3329 7
3330 18
3331 14
3332 11
3333 5
3334 11
3335 5
3336 12
3337 3
3338 8
3339 3
3340 8
3341 9
3342 4
3343 16
3344 6
3345 12
3346 8
3347 19
3348 16
3349 2
3350 14
3351 9
3352 7
3353 18
3354 19
3355 20
3356 15
3357 6
3358 17
3359 10
3360 1
3361 8
3362 18
3363 1
3364 22
3365 20
3366 3
3367 7
3368 7
3369 11
3370 2
3371 3
3372 19
3373 16
3374 8
3375 8
3376 13
3377 12
3378 11
3379 13
3380 9
3381 11
3382 14
3383 9
3384 20
3385 17
3386 19
3387 11
3388 8
3389 11
3390 17
3391 14
3392 8
3393 13
3394 16
3395 16
3396 8
3397 13
3398 5
3399 12
3400 16
3401 4
3402 4
3403 13
3404 12
3405 5
3406 19
3407 8
3408 16
3409 4
3410 2
3411 7
3412 3
3413 3
3414 4
3415 7
3416 14
3417 5
3418 11
3419 5
3420 6
3421 13
3422 16
3423 7
3424 15
3425 2
3426 3
3427 3
3428 15
3429 9
3430 12
3431 4
3432 6
3433 3
3434 17
3435 19
3436 17
3437 19
3438 9
3439 17
3440 16
3441 16
3442 17
3443 6
3444 1
3445 1
3446 10
3447 16
3448 6
3449 22
3450 10
3451 11
3452 5
3453 12
3454 15
3455 19
3456 13
3457 3
3458 9
3459 10
3460 1
3461 15
3462 2
3463 6
3464 15
3465 5
3466 8
3467 4
3468 17
3469 16
3470 5
3471 1
3472 11
3473 13
3474 22
3475 9
3476 20
3477 1
3478 10
3479 9
3480 8
3481 17
3482 12
3483 17
3484 19
3485 12
3486 21
3487 13
3488 6
3489 16
3490 6
3491 2
3492 17
3493 1
3494 9
3495 11
3496 17
3497 7
3498 18
3499 18
3500 21
3501 19
3502 6
3503 22
3504 11
3505 14
3506 9
3507 19
3508 3
3509 6
3510 2
3511 4
3512 10
3513 12
3514 1
3515 8
3516 20
3517 20
3518 9
3519 14
3520 1
3521 2
3522 6
3523 4
3524 20
3525 15
3526 5
3527 3
3528 15
3529 16
3530 11
3531 5
3532 9
3533 16
3534 4
3535 2
3536 14
3537 17
3538 4
3539 4
3540 13
3541 15
3542 18
3543 2
3544 12
3545 5
3546 2
3547 21
3548 24
3549 2
3550 6
3551 10
3552 3
3553 2
3554 18
3555 14
3556 5
3557 13
3558 12
3559 11
3560 15
3561 19
3562 13
3563 16
3564 19
3565 2
3566 7
3567 3
3568 9
3569 4
3570 2
3571 10
3572 2
3573 3
3574 9
3575 15
3576 2
3577 21
3578 3
3579 3
3580 14
3581 6
3582 14
3583 13
3584 7
3585 1
3586 6
3587 6
3588 8
3589 18
3590 16
3591 6
3592 1
3593 15
3594 15
3595 3
3596 4
3597 3
3598 3
3599 10
3600 13
3601 18
3602 14
3603 6
3604 21
3605 6
3606 3
3607 19
3608 4
3609 11
3610 8
3611 20
3612 11
3613 13
3614 4
3615 1
3616 21
3617 9
3618 8
3619 15
3620 14
3621 5
3622 5
3623 17
3624 15
3625 6
3626 12
3627 3
3628 19
3629 12
3630 5
3631 5
3632 1
3633 14
3634 12
3635 9
3636 11
3637 5
3638 7
3639 15
3640 10
3641 3
3642 16
3643 14
3644 14
3645 25
3646 7
3647 1
3648 1
3649 13
3650 21
3651 6
3652 12
3653 5
3654 14
3655 5
3656 14
3657 5
3658 1
3659 16
3660 16
3661 15
3662 13
3663 16
3664 2
3665 3
3666 14
3667 7
3668 6
3669 1
3670 4
3671 22
3672 19
3673 14
3674 5
3675 18
3676 18
3677 16
3678 4
3679 1
3680 20
3681 1
3682 3
3683 18
3684 6
3685 15
3686 8
3687 10
3688 1
3689 9
3690 10
3691 17
3692 6
3693 17
3694 7
3695 6
3696 6
3697 23
3698 4
3699 10
3700 15
3701 2
3702 4
3703 19
3704 8
3705 14
3706 2
3707 1
3708 17
3709 9
3710 1
3711 17
3712 21
3713 2
3714 7
3715 10
3716 5
3717 19
3718 10
3719 1
3720 7
3721 13
3722 17
3723 21
3724 18
3725 16
3726 13
3727 17
3728 7
3729 10
3730 3
3731 5
3732 12
3733 7
3734 3
3735 7
3736 15
3737 20
3738 2
3739 5
3740 10
3741 14
3742 6
3743 3
3744 13
3745 11
3746 2
3747 15
3748 8
3749 16
3750 13
3751 17
3752 14
3753 2
3754 21
3755 12
3756 6
3757 8
3758 7
3759 12
3760 7
3761 17
3762 8
3763 1
3764 10
3765 3
3766 14
3767 9
3768 5
3769 13
3770 4
3771 17
3772 10
3773 16
3774 20
3775 3
3776 7
3777 14
3778 14
3779 7
3780 11
3781 20
3782 2
3783 3
3784 15
3785 12
3786 5
3787 17
3788 1
3789 15
3790 11
3791 1
3792 1
3793 9
3794 20
3795 16
3796 16
3797 9
3798 19
3799 2
3800 18
3801 22
3802 2
3803 18
3804 11
3805 13
3806 5
3807 2
3808 7
3809 12
3810 9
3811 10
3812 18
3813 10
3814 12
3815 8
3816 7
3817 18
3818 22
3819 7
3820 24
3821 4
3822 10
3823 11
3824 9
3825 8
3826 13
3827 12
3828 9
3829 10
3830 15
3831 20
3832 6
3833 4
3834 4
3835 4
3836 1
3837 19
3838 15
3839 1
3840 2
3841 2
3842 6
3843 13
3844 17
3845 2
3846 7
3847 8
3848 10
3849 19
3850 12
3851 14
3852 10
3853 20
3854 2
3855 13
3856 9
3857 15
3858 17
3859 15
3860 1
3861 12
3862 4
3863 20
3864 8
3865 3
3866 16
3867 9
3868 9
3869 18
3870 9
3871 4
3872 12
3873 12
3874 3
3875 4
3876 5
3877 13
3878 8
3879 4
3880 8
3881 5
3882 5
3883 3
3884 7
3885 15
3886 10
3887 13
3888 17
3889 4
3890 12
3891 17
3892 9
3893 16
3894 2
3895 13
3896 22
3897 5
3898 7
3899 13
3900 22
3901 14
3902 1
3903 19
3904 9
3905 18
3906 14
3907 4
3908 6
3909 4
3910 2
3911 16
3912 9
3913 4
3914 9
3915 18
3916 9
3917 5
3918 4
3919 2
3920 7
3921 20
3922 20
3923 16
3924 16
3925 11
3926 1
3927 10
3928 14
3929 10
3930 16
3931 7
3932 7
3933 6
3934 17
3935 1
3936 6
3937 11
3938 11
3939 6
3940 16
3941 12
3942 4
3943 14
3944 8
3945 22
3946 9
3947 13
3948 13
3949 2
3950 2
3951 15
3952 17
3953 6
3954 12
3955 8
3956 17
3957 9
3958 18
3959 7
3960 20
3961 17
3962 14
3963 7
3964 11
3965 19
3966 16
3967 25
3968 1
3969 7
3970 20
3971 3
3972 3
3973 13
3974 18
3975 19
3976 6
3977 8
3978 5
3979 11
3980 17
3981 18
3982 9
3983 17
3984 16
3985 18
3986 15
3987 5
3988 12
3989 16
3990 11
3991 15
3992 8
3993 15
3994 5
3995 18
3996 9
3997 4
3998 15
3999 18
4000 16
4001 4
4002 14
4003 4
4004 3
4005 8
4006 4
4007 6
4008 5
4009 11
4010 19
4011 1
4012 18
4013 6
4014 7
4015 9
4016 7
4017 16
4018 14
4019 10
4020 18
4021 13
4022 17
4023 4
4024 4
4025 6
4026 9
4027 4
4028 17
4029 10
4030 11
4031 7
4032 13
4033 9
4034 17
4035 9
4036 14
4037 19
4038 6
4039 8
4040 21
4041 6
4042 19
4043 14
4044 16
4045 20
4046 10
4047 1
4048 3
4049 6
4050 11
4051 11
4052 13
4053 2
4054 12
4055 8
4056 20
4057 13
4058 3
4059 16
4060 14
4061 17
4062 9
4063 10
4064 2
4065 2
4066 4
4067 5
4068 1
4069 17
4070 6
4071 10
4072 17
4073 16
4074 15
4075 1
4076 7
4077 1
4078 10
4079 10
4080 11
4081 9
4082 6
4083 7
4084 7
4085 6
4086 14
4087 20
4088 13
4089 6
4090 9
4091 17
4092 6
4093 4
4094 19
4095 5
4096 7
4097 8
4098 1
4099 1
4100 1
4101 5
4102 6
4103 20
4104 14
4105 2
4106 16
4107 10
4108 7
4109 13
4110 5
4111 2
4112 17
4113 5
4114 6
4115 18
4116 17
4117 9
4118 19
4119 19
4120 8
4121 5
4122 4
4123 19
4124 13
4125 14
4126 11
4127 6
4128 19
4129 4
4130 15
4131 9
4132 2
4133 12
4134 17
4135 17
4136 17
4137 13
4138 16
4139 22
4140 3
4141 22
4142 14
4143 16
4144 9
4145 13
4146 17
4147 18
4148 19
4149 10
4150 7
4151 15
4152 18
4153 1
4154 19
4155 24
4156 16
4157 20
4158 10
4159 13
4160 3
4161 9
4162 3
4163 2
4164 18
4165 9
4166 20
4167 8
4168 4
4169 1
4170 19
4171 19
4172 3
4173 7
4174 18
4175 4
4176 17
4177 13
4178 11
4179 7
4180 16
4181 15
4182 12
4183 6
4184 15
4185 17
4186 20
4187 10
4188 1
4189 4
4190 19
4191 7
4192 2
4193 17
4194 16
4195 14
4196 9
4197 12
4198 12
4199 8
4200 7
4201 16
4202 17
4203 3
4204 6
4205 11
4206 7
4207 10
4208 2
4209 14
4210 5
4211 20
4212 16
4213 20
4214 7
4215 11
4216 15
4217 20
4218 1
4219 3
4220 13
4221 9
4222 3
4223 1
4224 1
4225 3
4226 16
4227 5
4228 22
4229 1
4230 11
4231 17
4232 3
4233 13
4234 3
4235 5
4236 3
4237 14
4238 4
4239 10
4240 11
4241 23
4242 7
4243 9
4244 8
4245 18
4246 13
4247 18
4248 16
4249 14
4250 12
4251 19
4252 17
4253 1
4254 11
4255 8
4256 11
4257 17
4258 11
4259 18
4260 18
4261 9
4262 1
4263 4
4264 2
4265 7
4266 17
4267 14
4268 3
4269 10
4270 6
4271 9
4272 5
4273 6
4274 1
4275 10
4276 6
4277 17
4278 3
4279 7
4280 9
4281 15
4282 19
4283 2
4284 4
4285 3
4286 16
4287 10
4288 13
4289 7
4290 15
4291 11
4292 16
4293 11
4294 9
4295 2
4296 17
4297 2
4298 7
4299 18
4300 6
4301 10
4302 19
4303 12
4304 10
4305 13
4306 14
4307 2
4308 9
4309 13
4310 18
4311 18
4312 8
4313 8
4314 22
4315 11
4316 7
4317 10
4318 18
4319 19
4320 1
4321 12
4322 8
4323 19
4324 11
4325 6
4326 15
4327 14
4328 3
4329 13
4330 17
4331 14
4332 21
4333 21
4334 17
4335 18
4336 7
4337 8
4338 12
4339 22
4340 10
4341 11
4342 4
4343 14
4344 15
4345 6
4346 12
4347 7
4348 6
4349 14
4350 18
4351 19
4352 20
4353 19
4354 15
4355 14
4356 1
4357 9
4358 7
4359 6
4360 11
4361 5
4362 5
4363 3
4364 14
4365 4
4366 14
4367 2
4368 12
4369 23
4370 10
4371 12
4372 15
4373 20
4374 6
4375 5
4376 11
4377 17
4378 17
4379 10
4380 3
4381 21
4382 11
4383 3
4384 5
4385 11
4386 17
4387 18
4388 6
4389 10
4390 18
4391 19
4392 13
4393 6
4394 14
4395 19
4396 19
4397 11
4398 6
4399 11
4400 22
4401 18
4402 9
4403 10
4404 12
4405 13
4406 10
4407 4
4408 3
4409 10
4410 13
4411 5
4412 13
4413 18
4414 5
4415 15
4416 16
4417 9
4418 9
4419 17
4420 1
4421 1
4422 18
4423 22
4424 13
4425 21
4426 22
4427 8
4428 14
4429 3
4430 9
4431 8
4432 15
4433 18
4434 2
4435 13
4436 9
4437 11
4438 1
4439 8
4440 21
4441 5
4442 18
4443 11
4444 4
4445 20
4446 3
4447 5
4448 8
4449 18
4450 14
4451 21
4452 12
4453 11
4454 18
4455 10
4456 6
4457 9
4458 19
4459 2
4460 10
4461 18
4462 6
4463 3
4464 5
4465 17
4466 17
4467 14
4468 8
4469 11
4470 3
4471 11
4472 1
4473 16
4474 4
4475 14
4476 15
4477 19
4478 18
4479 4
4480 2
4481 14
4482 18
4483 19
4484 15
4485 3
4486 6
4487 7
4488 11
4489 2
4490 15
4491 16
4492 21
4493 20
4494 13
4495 9
4496 15
4497 9
4498 1
4499 19
4500 5
4501 1
4502 17
4503 10
4504 7
4505 9
4506 8
4507 10
4508 15
4509 13
4510 4
4511 9
4512 12
4513 5
4514 19
4515 12
4516 18
4517 2
4518 17
4519 16
4520 15
4521 2
4522 5
4523 15
4524 8
4525 16
4526 18
4527 4
4528 9
4529 9
4530 4
4531 14
4532 18
4533 11
4534 11
4535 11
4536 7
4537 13
4538 9
4539 2
4540 16
4541 6
4542 2
4543 12
4544 9
4545 8
4546 16
4547 11
4548 15
4549 16
4550 11
4551 4
4552 4
4553 19
4554 9
4555 16
4556 16
4557 6
4558 2
4559 7
4560 6
4561 7
4562 16
4563 10
4564 15
4565 12
4566 12
4567 7
4568 2
4569 8
4570 16
4571 12
4572 14
4573 2
4574 7
4575 6
4576 12
4577 19
4578 14
4579 8
4580 17
4581 13
4582 15
4583 2
4584 13
4585 10
4586 16
4587 14
4588 13
4589 5
4590 7
4591 18
4592 8
4593 4
4594 11
4595 9
4596 15
4597 10
4598 2
4599 13
4600 8
4601 17
4602 18
4603 12
4604 19
4605 5
4606 19
4607 21
4608 7
4609 10
4610 1
4611 3
4612 10
4613 15
4614 2
4615 21
4616 4
4617 11
4618 2
4619 11
4620 8
4621 19
4622 6
4623 6
4624 14
4625 4
4626 14
4627 1
4628 1
4629 15
4630 6
4631 5
4632 11
4633 10
4634 12
4635 14
4636 1
4637 12
4638 11
4639 13
4640 4
4641 10
4642 21
4643 15
4644 5
4645 2
4646 20
4647 10
4648 10
4649 9
4650 1
4651 17
4652 21
4653 9
4654 10
4655 9
4656 19
4657 4
4658 4
4659 1
4660 7
4661 12
4662 19
4663 5
4664 1
4665 19
4666 15
4667 11
4668 7
4669 18
4670 5
4671 11
4672 9
4673 9
4674 2
4675 15
4676 8
4677 7
4678 11
4679 14
4680 14
4681 18
4682 1
4683 7
4684 6
4685 14
4686 1
4687 14
4688 5
4689 7
4690 17
4691 6
4692 15
4693 19
4694 10
4695 3
4696 2
4697 13
4698 8
4699 4
4700 8
4701 12
4702 12
4703 2
4704 3
4705 14
4706 16
4707 15
4708 15
4709 5
4710 14
4711 4
4712 16
4713 15
4714 4
4715 15
4716 20
4717 9
4718 7
4719 5
4720 5
4721 9
4722 10
4723 12
4724 5
4725 9
4726 6
4727 13
4728 6
4729 12
4730 14
4731 1
4732 16
4733 14
4734 5
4735 5
4736 8
4737 18
4738 13
4739 14
4740 5
4741 2
4742 16
4743 10
4744 11
4745 5
4746 3
4747 14
4748 4
4749 17
4750 14
4751 16
4752 3
4753 6
4754 15
4755 6
4756 7
4757 16
4758 8
4759 2
4760 9
4761 17
4762 2
4763 21
4764 3
4765 14
4766 4
4767 2
4768 12
4769 2
4770 1
4771 8
4772 12
4773 12
4774 16
4775 4
4776 17
4777 11
4778 4
4779 3
4780 14
4781 11
4782 2
4783 1
4784 11
4785 1
4786 4
4787 7
4788 2
4789 12
4790 3
4791 16
4792 19
4793 7
4794 12
4795 13
4796 13
4797 6
4798 1
4799 11
4800 7
4801 14
4802 13
4803 5
4804 9
4805 8
4806 11
4807 17
4808 6
4809 6
4810 11
4811 16
4812 6
4813 11
4814 21
4815 11
4816 7
4817 1
4818 19
4819 7
4820 12
4821 19
4822 3
4823 14
4824 4
4825 3
4826 5
4827 22
4828 13
4829 5
4830 14
4831 12
4832 15
4833 10
4834 1
4835 9
4836 5
4837 8
4838 5
4839 13
4840 17
4841 15
4842 7
4843 10
4844 23
4845 11
4846 16
4847 12
4848 24
4849 1
4850 4
4851 4
4852 5
4853 10
4854 4
4855 9
4856 15
4857 22
4858 1
4859 19
4860 8
4861 1
4862 9
4863 7
4864 7
4865 22
4866 14
4867 13
4868 8
4869 2
4870 4
4871 10
4872 1
4873 17
4874 16
4875 9
4876 13
4877 20
4878 3
4879 14
4880 20
4881 8
4882 19
4883 3
4884 6
4885 6
4886 7
4887 3
4888 6
4889 8
4890 8
4891 5
4892 9
4893 17
4894 11
4895 13
4896 17
4897 12
4898 7
4899 13
4900 11
4901 18
4902 17
4903 5
4904 5
4905 7
4906 18
4907 10
4908 10
4909 10
4910 9
4911 4
4912 14
4913 8
4914 10
4915 13
4916 22
4917 7
4918 19
4919 13
4920 12
4921 14
4922 1
4923 1
4924 16
4925 4
4926 4
4927 12
4928 15
4929 7
4930 14
4931 4
4932 7
4933 2
4934 7
4935 6
4936 13
4937 10
4938 4
4939 10
4940 1
4941 12
4942 21
4943 8
4944 10
4945 12
4946 18
4947 9
4948 17
4949 7
4950 17
4951 8
4952 3
4953 18
4954 14
4955 7
4956 2
4957 8
4958 12
4959 20
4960 17
4961 19
4962 10
4963 15
4964 14
4965 20
4966 14
4967 9
4968 12
4969 15
4970 18
4971 20
4972 2
4973 11
4974 7
4975 8
4976 6
4977 5
4978 2
4979 6
4980 19
4981 13
4982 7
4983 14
4984 4
4985 4
4986 5
4987 2
4988 3
4989 16
4990 1
4991 6
4992 6
4993 10
4994 5
4995 5
4996 17
4997 17
4998 18
4999 9
5000 4
5001 10
5002 18
5003 23
5004 1
5005 21
5006 8
5007 2
5008 5
5009 11
5010 1
5011 1
5012 16
5013 19
5014 7
5015 2
5016 1
5017 13
5018 17
5019 8
5020 19
5021 1
5022 8
5023 12
5024 15
5025 2
5026 7
5027 6
5028 8
5029 12
5030 11
5031 10
5032 5
5033 11
5034 12
5035 9
5036 15
5037 9
5038 14
5039 6
5040 17
5041 2
5042 8
5043 4
5044 11
5045 17
5046 8
5047 15
5048 11
5049 4
5050 15
5051 8
5052 13
5053 3
5054 12
5055 18
5056 6
5057 13
5058 8
5059 11
5060 12
5061 18
5062 7
5063 2
5064 5
5065 8
5066 4
5067 9
5068 12
5069 10
5070 15
5071 17
5072 18
5073 9
5074 10
5075 2
5076 5
5077 9
5078 3
5079 9
5080 9
5081 2
5082 13
5083 11
5084 2
5085 17
5086 16
5087 8
5088 3
5089 18
5090 6
5091 6
5092 20
5093 10
5094 14
5095 1
5096 10
5097 2
5098 10
5099 13
5100 9
5101 16
5102 1
5103 24
5104 19
5105 12
5106 15
5107 6
5108 17
5109 22
5110 18
5111 10
5112 17
5113 9
5114 11
5115 19
5116 1
5117 20
5118 8
5119 4
5120 8
5121 14
5122 17
5123 6
5124 4
5125 7
5126 3
5127 10
5128 19
5129 1
5130 13
5131 7
5132 18
5133 11
5134 7
5135 4
5136 13
5137 14
5138 16
5139 7
5140 12
5141 10
5142 19
5143 2
5144 8
5145 8
5146 10
5147 6
5148 4
5149 1
5150 20
5151 2
5152 10
5153 9
5154 12
5155 13
5156 15
5157 14
5158 3
5159 8
5160 14
5161 12
5162 15
5163 20
5164 19
5165 4
5166 13
5167 16
5168 15
5169 18
5170 2
5171 2
5172 4
5173 20
5174 5
5175 5
5176 12
5177 11
5178 4
5179 9
5180 1
5181 3
5182 6
5183 16
5184 1
5185 1
5186 6
5187 20
5188 14
5189 1
5190 16
5191 12
5192 4
5193 18
5194 3
5195 7
5196 21
5197 6
5198 16
5199 7
5200 16
5201 6
5202 8
5203 2
5204 18
5205 18
5206 10
5207 14
5208 19
5209 1
5210 20
5211 3
5212 8
5213 19
5214 10
5215 18
5216 16
5217 3
5218 21
5219 8
5220 2
5221 16
5222 17
5223 10
5224 9
5225 4
5226 20
5227 12
5228 2
5229 16
5230 15
5231 6
5232 14
5233 1
5234 10
5235 1
5236 8
5237 16
5238 1
5239 1
5240 3
5241 5
5242 21
5243 2
5244 16
5245 10
5246 4
5247 15
5248 1
5249 10
5250 17
5251 2
5252 15
5253 18
5254 8
5255 10
5256 15
5257 5
5258 19
5259 6
5260 8
5261 1
5262 6
5263 11
5264 9
5265 11
5266 18
5267 18
5268 6
5269 18
5270 13
5271 15
5272 13
5273 4
5274 3
5275 12
5276 1
5277 8
5278 7
5279 5
5280 15
5281 6
5282 4
5283 11
5284 17
5285 18
5286 7
5287 18
5288 1
5289 19
5290 2
5291 2
5292 8
5293 4
5294 14
5295 13
5296 11
5297 1
5298 12
5299 5
5300 11
5301 16
5302 14
5303 1
5304 7
5305 12
5306 14
5307 20
5308 4
5309 5
5310 11
5311 13
5312 7
5313 1
5314 13
5315 3
5316 17
5317 12
5318 13
5319 10
5320 9
5321 12
5322 3
5323 16
5324 2
5325 17
5326 16
5327 9
5328 4
5329 19
5330 20
5331 11
5332 9
5333 1
5334 16
5335 6
5336 8
5337 21
5338 5
5339 12
5340 12
5341 12
5342 20
5343 3
5344 2
5345 22
5346 17
5347 8
5348 18
5349 10
5350 20
5351 18
5352 7
5353 14
5354 9
5355 14
5356 2
5357 3
5358 4
5359 12
5360 19
5361 15
5362 8
5363 1
5364 17
5365 5
5366 6
5367 9
5368 15
5369 9
5370 19
5371 5
5372 12
5373 6
5374 3
5375 6
5376 14
5377 19
5378 6
5379 7
5380 2
5381 2
5382 4
5383 12
5384 17
5385 18
5386 12
5387 8
5388 7
5389 11
5390 14
5391 15
5392 16
5393 21
5394 6
5395 4
5396 9
5397 17
5398 8
5399 1
5400 9
5401 19
5402 17
5403 14
5404 18
5405 11
5406 9
5407 18
5408 5
5409 14
5410 12
5411 3
5412 17
5413 8
5414 6
5415 17
5416 23
5417 14
5418 6
5419 4
5420 6
5421 14
5422 16
5423 2
5424 4
5425 4
5426 12
5427 2
5428 8
5429 12
5430 15
5431 14
5432 8
5433 6
5434 12
5435 10
5436 11
5437 14
5438 3
5439 14
5440 15
5441 15
5442 10
5443 13
5444 6
5445 14
5446 7
5447 1
5448 8
5449 19
5450 11
5451 20
5452 5
5453 20
5454 2
5455 15
5456 2
5457 2
5458 2
5459 19
5460 9
5461 5
5462 18
5463 8
5464 10
5465 12
5466 5
5467 14
5468 15
5469 7
5470 21
5471 7
5472 6
5473 16
5474 6
5475 12
5476 20
5477 11
5478 14
5479 10
5480 21
5481 2
5482 9
5483 8
5484 18
5485 7
5486 12
5487 4
5488 13
5489 16
5490 4
5491 14
5492 18
5493 12
5494 3
5495 10
5496 2
5497 20
5498 7
5499 19
5500 15
5501 9
5502 8
5503 19
5504 7
5505 7
5506 4
5507 5
5508 20
5509 17
5510 11
5511 6
5512 8
5513 8
5514 14
5515 8
5516 4
5517 1
5518 6
5519 6
5520 5
5521 12
5522 6
5523 18
5524 15
5525 17
5526 22
5527 4
5528 18
5529 19
5530 7
5531 5
5532 13
5533 10
5534 23
5535 17
5536 11
5537 15
5538 16
5539 6
5540 15
5541 12
5542 7
5543 4
5544 5
5545 6
5546 12
5547 6
5548 17
5549 3
5550 8
5551 12
5552 13
5553 3
5554 10
5555 4
5556 16
5557 11
5558 14
5559 18
5560 10
5561 8
5562 3
5563 7
5564 12
5565 5
5566 21
5567 2
5568 6
5569 9
5570 9
5571 9
5572 24
5573 1
5574 4
5575 1
5576 13
5577 15
5578 20
5579 16
5580 17
5581 11
5582 19
5583 6
5584 4
5585 5
5586 6
5587 17
5588 7
5589 3
5590 8
5591 11
5592 4
5593 18
5594 13
5595 2
5596 15
5597 14
5598 16
5599 16
5600 17
5601 8
5602 10
5603 11
5604 16
5605 15
5606 21
5607 19
5608 14
5609 13
5610 7
5611 8
5612 1
5613 6
5614 8
5615 9
5616 15
5617 19
5618 19
5619 19
5620 17
5621 2
5622 18
5623 6
5624 20
5625 2
5626 15
5627 8
5628 14
5629 6
5630 17
5631 5
5632 6
5633 3
5634 13
5635 11
5636 17
5637 9
5638 1
5639 17
5640 5
5641 13
5642 1
5643 4
5644 5
5645 17
5646 2
5647 14
5648 7
5649 3
5650 9
5651 9
5652 17
5653 22
5654 5
5655 18
5656 10
5657 3
5658 19
5659 8
5660 11
5661 18
5662 16
5663 15
5664 8
5665 2
5666 6
5667 7
5668 17
5669 23
5670 2
5671 22
5672 19
5673 1
5674 8
5675 11
5676 8
5677 9
5678 18
5679 15
5680 17
5681 14
5682 1
5683 17
5684 9
5685 9
5686 15
5687 12
5688 17
5689 1
5690 8
5691 12
5692 7
5693 10
5694 11
5695 1
5696 18
5697 13
5698 17
5699 6
5700 1
5701 3
5702 14
5703 6
5704 18
5705 3
5706 2
5707 5
5708 6
5709 21
5710 3
5711 19
5712 5
5713 18
5714 1
5715 6
5716 4
5717 12
5718 14
5719 8
5720 9
5721 2
5722 17
5723 14
5724 17
5725 19
5726 21
5727 1
5728 17
5729 9
5730 10
5731 18
5732 13
5733 3
5734 23
5735 10
5736 16
5737 3
5738 5
5739 7
5740 5
5741 16
5742 11
5743 3
5744 8
5745 14
5746 9
5747 13
5748 14
5749 17
5750 19
5751 14
5752 3
5753 10
5754 5
5755 13
5756 20
5757 16
5758 11
5759 14
5760 3
5761 11
5762 4
5763 17
5764 9
5765 12
5766 16
5767 7
5768 14
5769 10
5770 3
5771 5
5772 9
5773 14
5774 3
5775 1
5776 22
5777 1
5778 6
5779 21
5780 4
5781 17
5782 4
5783 10
5784 3
5785 14
5786 9
5787 11
5788 14
5789 18
5790 14
5791 9
5792 22
5793 18
5794 11
5795 12
5796 10
5797 7
5798 7
5799 10
5800 8
5801 5
5802 18
5803 19
5804 8
5805 1
5806 18
5807 17
5808 16
5809 9
5810 6
5811 17
5812 19
5813 19
5814 21
5815 12
5816 5
5817 8
5818 21
5819 6
5820 9
5821 8
5822 7
5823 1
5824 3
5825 2
5826 12
5827 10
5828 4
5829 6
5830 1
5831 5
5832 14
5833 3
5834 13
5835 11
5836 7
5837 11
5838 9
5839 2
5840 16
5841 15
5842 8
5843 8
5844 1
5845 15
5846 16
5847 6
5848 8
5849 5
5850 11
5851 13
5852 6
5853 1
5854 2
5855 10
5856 6
5857 3
5858 4
5859 11
5860 16
5861 21
5862 19
5863 1
5864 11
5865 7
5866 8
5867 7
5868 3
5869 5
5870 15
5871 10
5872 9
5873 6
5874 12
5875 18
5876 1
5877 7
5878 21
5879 6
5880 7
5881 18
5882 6
5883 10
5884 10
5885 11
5886 13
5887 5
5888 4
5889 17
5890 1
5891 5
5892 8
5893 11
5894 11
5895 9
5896 13
5897 14
5898 12
5899 17
5900 5
5901 6
5902 7
5903 5
5904 12
5905 12
5906 19
5907 19
5908 11
5909 1
5910 3
5911 20
5912 5
5913 18
5914 9
5915 17
5916 17
5917 10
5918 10
5919 7
5920 13
5921 12
5922 12
5923 1
5924 18
5925 12
5926 2
5927 12
5928 8
5929 15
5930 24
5931 14
5932 13
5933 12
5934 1
5935 3
5936 5
5937 17
5938 2
5939 19
5940 8
5941 2
5942 16
5943 22
5944 17
5945 20
5946 21
5947 15
5948 6
5949 17
5950 5
5951 18
5952 5
5953 8
5954 14
5955 22
5956 10
5957 8
5958 14
5959 4
5960 8
5961 11
5962 4
5963 5
5964 14
5965 18
5966 1
5967 21
5968 13
5969 22
5970 4
5971 6
5972 18
5973 1
5974 19
5975 11
5976 8
5977 4
5978 14
5979 4
5980 16
5981 2
5982 14
5983 21
5984 2
5985 8
5986 8
5987 12
5988 13
5989 23
5990 17
5991 17
5992 6
5993 6
5994 15
5995 12
5996 7
5997 21
5998 8
5999 18
6000 9
6001 21
6002 1
6003 9
6004 14
6005 5
6006 9
6007 18
6008 16
6009 1
6010 17
6011 5
6012 13
6013 2
6014 17
6015 4
6016 9
6017 4
6018 3
6019 6
6020 10
6021 11
6022 12
6023 18
6024 6
6025 12
6026 18
6027 7
6028 18
6029 15
6030 10
6031 18
6032 3
6033 14
6034 13
6035 23
6036 12
6037 16
6038 13
6039 11
6040 17
6041 17
6042 12
6043 7
6044 15
6045 7
6046 9
6047 4
6048 17
6049 9
6050 19
6051 5
6052 2
6053 19
6054 18
6055 10
6056 13
6057 1
6058 17
6059 13
6060 4
6061 10
6062 1
6063 18
6064 4
6065 11
6066 5
6067 1
6068 19
6069 4
6070 2
6071 12
6072 9
6073 1
6074 16
6075 10
6076 9
6077 13
6078 6
6079 3
6080 3
6081 18
6082 4
6083 16
6084 14
6085 4
6086 6
6087 11
6088 19
6089 17
6090 10
6091 9
6092 16
6093 11
6094 8
6095 12
6096 20
6097 13
6098 19
6099 17
6100 5
6101 5
6102 16
6103 11
6104 11
6105 13
6106 1
6107 2
6108 11
6109 2
6110 15
6111 14
6112 1
6113 2
6114 3
6115 1
6116 4
6117 3
6118 15
6119 4
6120 10
6121 6
6122 5
6123 19
6124 11
6125 3
6126 7
6127 8
6128 4
6129 16
6130 8
6131 9
6132 5
6133 13
6134 14
6135 1
6136 4
6137 12
6138 10
6139 21
6140 15
6141 3
6142 14
6143 19
6144 17
6145 5
6146 7
6147 8
6148 9
6149 3
6150 19
6151 2
6152 11
6153 15
6154 1
6155 2
6156 5
6157 4
6158 12
6159 17
6160 17
6161 9
6162 17
6163 12
6164 3
6165 12
6166 2
6167 17
6168 17
6169 14
6170 16
6171 18
6172 10
6173 13
6174 15
6175 19
6176 11
6177 3
6178 13
6179 19
6180 12
6181 2
6182 9
6183 18
6184 9
6185 3
6186 10
6187 1
6188 5
6189 10
6190 9
6191 20
6192 14
6193 1
6194 9
6195 19
6196 6
6197 1
6198 14
6199 23
6200 8
6201 19
6202 18
6203 21
6204 4
6205 3
6206 19
6207 11
6208 2
6209 18
6210 9
6211 21
6212 10
6213 5
6214 9
6215 19
6216 9
6217 15
6218 5
6219 14
6220 5
6221 9
6222 10
6223 10
6224 18
6225 14
6226 2
6227 11
6228 6
6229 10
6230 2
6231 8
6232 17
6233 21
6234 12
6235 1
6236 6
6237 9
6238 15
6239 8
6240 11
6241 3
6242 22
6243 3
6244 10
6245 7
6246 4
6247 11
6248 14
6249 13
6250 2
6251 3
6252 4
6253 5
6254 2
6255 5
6256 4
6257 3
6258 5
6259 2
6260 4
6261 9
6262 8
6263 11
6264 12
6265 6
6266 7
6267 18
6268 4
6269 3
6270 16
6271 14
6272 2
6273 14
6274 14
6275 21
6276 4
6277 13
6278 1
6279 12
6280 2
6281 17
6282 12
6283 17
6284 20
6285 12
6286 7
6287 17
6288 14
6289 10
6290 4
6291 9
6292 15
6293 17
6294 1
6295 19
6296 14
6297 13
6298 14
6299 13
6300 14
6301 2
6302 14
6303 7
6304 8
6305 6
6306 5
6307 3
6308 6
6309 17
6310 16
6311 4
6312 10
6313 5
6314 14
6315 13
6316 4
6317 15
6318 8
6319 1
6320 10
6321 8
6322 19
6323 7
6324 11
6325 5
6326 15
6327 3
6328 11
6329 10
6330 15
6331 10
6332 10
6333 2
6334 5
6335 1
6336 11
6337 13
6338 12
6339 5
6340 3
6341 3
6342 20
6343 12
6344 2
6345 16
6346 23
6347 10
6348 14
6349 15
6350 9
6351 19
6352 9
6353 17
6354 17
6355 10
6356 15
6357 10
6358 6
6359 9
6360 19
6361 10
6362 11
6363 15
6364 4
6365 17
6366 2
6367 15
6368 13
6369 7
6370 12
6371 4
6372 9
6373 2
6374 7
6375 13
6376 5
6377 9
6378 8
6379 2
6380 2
6381 17
6382 4
6383 11
6384 15
6385 19
6386 16
6387 7
6388 2
6389 8
6390 3
6391 11
6392 5
6393 9
6394 18
6395 18
6396 11
6397 17
6398 6
6399 3
6400 17
6401 21
6402 7
6403 6
6404 10
6405 6
6406 15
6407 16
6408 2
6409 4
6410 2
6411 1
6412 12
6413 18
6414 18
6415 12
6416 3
6417 1
6418 17
6419 7
6420 13
6421 6
6422 5
6423 8
6424 14
6425 1
6426 2
6427 21
6428 7
6429 8
6430 8
6431 16
6432 15
6433 11
6434 18
6435 10
6436 17
6437 20
6438 8
6439 16
6440 12
6441 11
6442 5
6443 12
6444 9
6445 2
6446 1
6447 14
6448 15
6449 12
6450 7
6451 6
6452 1
6453 11
6454 19
6455 13
6456 8
6457 3
6458 10
6459 1
6460 6
6461 14
6462 12
6463 20
6464 1
6465 10
6466 18
6467 9
6468 25
6469 6
6470 12
6471 9
6472 9
6473 20
6474 20
6475 23
6476 2
6477 5
6478 8
6479 17
6480 14
6481 3
6482 25
6483 3
6484 12
6485 11
6486 3
6487 13
6488 1
6489 5
6490 7
6491 13
6492 18
6493 2
6494 2
6495 14
6496 1
6497 19
6498 2
6499 12
6500 14
6501 17
6502 9
6503 17
6504 19
6505 22
6506 11
6507 8
6508 3
6509 17
6510 12
6511 13
6512 1
6513 10
6514 15
6515 3
6516 1
6517 15
6518 10
6519 21
6520 12
6521 12
6522 8
6523 7
6524 9
6525 10
6526 17
6527 4
6528 9
6529 16
6530 18
6531 14
6532 2
6533 10
6534 20
6535 19
6536 15
6537 7
6538 3
6539 11
6540 7
6541 19
6542 5
6543 2
6544 19
6545 7
6546 18
6547 17
6548 5
6549 1
6550 7
6551 8
6552 9
6553 16
6554 15
6555 4
6556 17
6557 4
6558 2
6559 7
6560 5
6561 8
6562 3
6563 7
6564 9
6565 6
6566 8
6567 1
6568 11
6569 22
6570 5
6571 7
6572 14
6573 8
6574 17
6575 20
6576 2
6577 6
6578 6
6579 5
6580 13
6581 9
6582 17
6583 11
6584 9
6585 9
6586 7
6587 20
6588 15
6589 24
6590 15
6591 6
6592 1
6593 1
6594 6
6595 17
6596 3
6597 16
6598 17
6599 15
6600 8
6601 7
6602 11
6603 11
6604 2
6605 11
6606 3
6607 10
6608 17
6609 8
6610 3
6611 15
6612 19
6613 12
6614 5
6615 10
6616 1
6617 2
6618 11
6619 13
6620 3
6621 17
6622 6
6623 1
6624 13
6625 12
6626 18
6627 16
6628 16
6629 4
6630 18
6631 18
6632 18
6633 10
6634 2
6635 4
6636 5
6637 9
6638 15
6639 3
6640 2
6641 5
6642 11
6643 13
6644 8
6645 17
6646 3
6647 12
6648 1
6649 3
6650 10
6651 18
6652 6
6653 1
6654 20
6655 7
6656 18
6657 4
6658 17
6659 17
6660 6
6661 20
6662 8
6663 14
6664 2
6665 12
6666 12
6667 3
6668 1
6669 18
6670 1
6671 1
6672 15
6673 11
6674 7
6675 9
6676 8
6677 5
6678 23
6679 18
6680 18
6681 2
6682 19
6683 7
6684 19
6685 2
6686 11
6687 13
6688 2
6689 7
6690 15
6691 19
6692 13
6693 6
6694 6
6695 7
6696 16
6697 7
6698 15
6699 9
6700 10
6701 15
6702 11
6703 7
6704 13
6705 3
6706 3
6707 1
6708 8
6709 4
6710 10
6711 1
6712 19
6713 5
6714 25
6715 12
6716 4
6717 9
6718 20
6719 10
6720 7
6721 17
6722 18
6723 5
6724 15
6725 7
6726 13
6727 1
6728 8
6729 6
6730 1
6731 9
6732 5
6733 17
6734 4
6735 11
6736 12
6737 12
6738 9
6739 21
6740 13
6741 3
6742 18
6743 15
6744 7
6745 17
6746 12
6747 20
6748 19
6749 7
6750 1
6751 5
6752 1
6753 8
6754 20
6755 6
6756 20
6757 6
6758 12
6759 16
6760 4
6761 8
6762 14
6763 11
6764 2
6765 15
6766 5
6767 16
6768 12
6769 7
6770 11
6771 2
6772 5
6773 9
6774 9
6775 3
6776 14
6777 18
6778 5
6779 10
6780 6
6781 4
6782 9
6783 20
6784 1
6785 20
6786 14
6787 7
6788 9
6789 8
6790 20
6791 7
6792 20
6793 11
6794 14
6795 19
6796 8
6797 9
6798 21
6799 2
6800 18
6801 7
6802 21
6803 18
6804 17
6805 8
6806 20
6807 4
6808 7
6809 20
6810 15
6811 2
6812 15
6813 13
6814 3
6815 16
6816 5
6817 18
6818 14
6819 16
6820 6
6821 24
6822 12
6823 3
6824 10
6825 7
6826 14
6827 8
6828 4
6829 7
6830 13
6831 1
6832 2
6833 17
6834 13
6835 1
6836 6
6837 14
6838 22
6839 14
6840 20
6841 7
6842 17
6843 1
6844 20
6845 15
6846 12
6847 16
6848 6
6849 2
6850 11
6851 15
6852 3
6853 11
6854 23
6855 12
6856 8
6857 8
6858 17
6859 16
6860 9
6861 15
6862 1
6863 3
6864 3
6865 5
6866 13
6867 11
6868 20
6869 10
6870 20
6871 12
6872 17
6873 2
6874 10
6875 7
6876 7
6877 11
6878 5
6879 10
6880 4
6881 8
6882 15
6883 9
6884 5
6885 5
6886 17
6887 2
6888 7
6889 19
6890 1
6891 10
6892 17
6893 12
6894 4
6895 5
6896 2
6897 4
6898 11
6899 8
6900 10
6901 13
6902 11
6903 9
6904 22
6905 22
6906 2
6907 1
6908 13
6909 17
6910 7
6911 5
6912 8
6913 14
6914 2
6915 18
6916 11
6917 3
6918 22
6919 6
6920 9
6921 15
6922 20
6923 1
6924 4
6925 1
6926 20
6927 10
6928 19
6929 14
6930 13
6931 6
6932 13
6933 13
6934 4
6935 14
6936 11
6937 16
6938 18
6939 5
6940 6
6941 19
6942 3
6943 14
6944 15
6945 6
6946 6
6947 4
6948 7
6949 4
6950 2
6951 8
6952 9
6953 8
6954 9
6955 14
6956 13
6957 13
6958 4
6959 3
6960 5
6961 12
6962 13
6963 12
6964 7
6965 11
6966 9
6967 11
6968 6
6969 6
6970 7
6971 9
6972 12
6973 17
6974 17
6975 16
6976 15
6977 12
6978 5
6979 12
6980 2
6981 5
6982 4
6983 14
6984 10
6985 14
6986 3
6987 17
6988 15
6989 8
6990 1
6991 11
6992 5
6993 5
6994 11
6995 3
6996 6
6997 15
6998 10
6999 20
7000 8
7001 9
7002 21
7003 13
7004 13
7005 1
7006 16
7007 2
7008 6
7009 6
7010 15
7011 17
7012 10
7013 19
7014 12
7015 5
7016 21
7017 19
7018 11
7019 5
7020 8
7021 6
7022 16
7023 4
7024 14
7025 16
7026 15
7027 10
7028 16
7029 15
7030 9
7031 12
7032 9
7033 14
7034 16
7035 15
7036 18
7037 14
7038 12
7039 11
7040 14
7041 9
7042 2
7043 5
7044 9
7045 9
7046 3
7047 4
7048 16
7049 10
7050 15
7051 18
7052 6
7053 20
7054 7
7055 18
7056 12
7057 10
7058 11
7059 16
7060 5
7061 15
7062 18
7063 12
7064 16
7065 6
7066 15
7067 11
7068 3
7069 8
7070 16
7071 21
7072 11
7073 4
7074 4
7075 7
7076 12
7077 13
7078 5
7079 20
7080 3
7081 22
7082 3
7083 7
7084 15
7085 20
7086 17
7087 14
7088 9
7089 19
7090 8
7091 2
7092 10
7093 17
7094 16
7095 9
7096 19
7097 16
7098 14
7099 19
7100 11
7101 22
7102 10
7103 8
7104 5
7105 9
7106 18
7107 5
7108 7
7109 11
7110 1
7111 12
7112 17
7113 13
7114 10
7115 18
7116 18
7117 8
7118 5
7119 16
7120 6
7121 5
7122 11
7123 5
7124 15
7125 16
7126 2
7127 17
7128 14
7129 10
7130 10
7131 15
7132 11
7133 10
7134 14
7135 14
7136 7
7137 10
7138 18
7139 6
7140 7
7141 7
7142 8
7143 9
7144 19
7145 1
7146 22
7147 9
7148 13
7149 16
7150 5
7151 11
7152 8
7153 9
7154 14
7155 11
7156 9
7157 10
7158 4
7159 15
7160 15
7161 19
7162 12
7163 11
7164 4
7165 1
7166 10
7167 18
7168 19
7169 21
7170 5
7171 3
7172 19
7173 15
7174 12
7175 13
7176 14
7177 14
7178 8
7179 7
7180 10
7181 3
7182 8
7183 23
7184 18
7185 6
7186 10
7187 18
7188 7
7189 9
7190 5
7191 7
7192 2
7193 6
7194 7
7195 12
7196 5
7197 12
7198 6
7199 15
7200 8
7201 4
7202 1
7203 3
7204 12
7205 10
7206 2
7207 3
7208 16
7209 6
7210 13
7211 9
7212 14
7213 18
7214 13
7215 21
7216 17
7217 4
7218 9
7219 17
7220 11
7221 4
7222 7
7223 8
7224 6
7225 11
7226 2
7227 13
7228 3
7229 4
7230 6
7231 12
7232 10
7233 18
7234 19
7235 12
7236 20
7237 13
7238 3
7239 14
7240 6
7241 4
7242 12
7243 12
7244 13
7245 13
7246 1
7247 10
7248 12
7249 18
7250 13
7251 11
7252 11
7253 1
7254 7
7255 21
7256 17
7257 18
7258 9
7259 3
7260 2
7261 12
7262 12
7263 23
7264 4
7265 22
7266 21
7267 17
7268 13
7269 10
7270 17
7271 18
7272 12
7273 7
7274 1
7275 13
7276 14
7277 3
7278 15
7279 9
7280 4
7281 12
7282 8
7283 4
7284 23
7285 13
7286 18
7287 19
7288 8
7289 16
7290 16
7291 20
7292 6
7293 17
7294 13
7295 16
7296 12
7297 8
7298 4
7299 6
7300 14
7301 15
7302 17
7303 9
7304 17
7305 15
7306 6
7307 16
7308 6
7309 17
7310 12
7311 2
7312 1
7313 20
7314 13
7315 16
7316 9
7317 13
7318 7
7319 12
7320 13
7321 6
7322 1
7323 2
7324 5
7325 7
7326 12
7327 11
7328 7
7329 21
7330 9
7331 1
7332 13
7333 2
7334 3
7335 7
7336 7
7337 23
7338 12
7339 15
7340 7
7341 3
7342 16
7343 17
7344 5
7345 15
7346 6
7347 10
7348 3
7349 8
7350 3
7351 17
7352 16
7353 14
7354 2
7355 7
7356 21
7357 15
7358 2
7359 15
7360 2
7361 20
7362 13
7363 12
7364 5
7365 16
7366 13
7367 20
7368 2
7369 18
7370 3
7371 19
7372 9
7373 20
7374 16
7375 6
7376 4
7377 11
7378 14
7379 6
7380 12
7381 3
7382 7
7383 14
7384 16
7385 3
7386 6
7387 7
7388 8
7389 20
7390 4
7391 7
7392 7
7393 15
7394 16
7395 19
7396 20
7397 20
7398 13
7399 11
7400 6
7401 10
7402 18
7403 12
7404 1
7405 5
7406 11
7407 9
7408 6
7409 1
7410 9
7411 6
7412 5
7413 9
7414 13
7415 9
7416 18
7417 13
7418 2
7419 16
7420 16
7421 14
7422 7
7423 4
7424 9
7425 1
7426 16
7427 12
7428 14
7429 3
7430 6
7431 21
7432 3
7433 18
7434 3
7435 15
7436 12
7437 6
7438 17
7439 7
7440 11
7441 20
7442 1
7443 16
7444 15
7445 2
7446 3
7447 2
7448 2
7449 6
7450 6
7451 2
7452 19
7453 12
7454 3
7455 4
7456 15
7457 3
7458 14
7459 9
7460 4
7461 13
7462 13
7463 18
7464 7
7465 15
7466 17
7467 11
7468 6
7469 7
7470 3
7471 7
7472 17
7473 8
7474 3
7475 13
7476 11
7477 7
7478 18
7479 1
7480 6
7481 11
7482 19
7483 20
7484 12
7485 12
7486 1
7487 14
7488 17
7489 14
7490 10
7491 3
7492 15
7493 21
7494 7
7495 11
7496 4
7497 15
7498 3
7499 11
7500 7
7501 6
7502 6
7503 1
7504 4
7505 2
7506 13
7507 3
7508 17
7509 24
7510 9
7511 11
7512 12
7513 22
7514 18
7515 3
7516 6
7517 15
7518 15
7519 9
7520 20
7521 4
7522 3
7523 19
7524 8
7525 9
7526 3
7527 17
7528 11
7529 6
7530 6
7531 19
7532 20
7533 17
7534 19
7535 6
7536 1
7537 16
7538 7
7539 8
7540 7
7541 8
7542 22
7543 17
7544 9
7545 23
7546 6
7547 20
7548 17
7549 10
7550 15
7551 4
7552 15
7553 6
7554 14
7555 2
7556 8
7557 15
7558 11
7559 12
7560 10
7561 1
7562 14
7563 2
7564 11
7565 1
7566 10
7567 20
7568 3
7569 10
7570 8
7571 13
7572 1
7573 5
7574 9
7575 4
7576 14
7577 6
7578 20
7579 11
7580 10
7581 15
7582 2
7583 11
7584 5
7585 18
7586 12
7587 8
7588 23
7589 18
7590 15
7591 15
7592 3
7593 11
7594 17
7595 9
7596 15
7597 16
7598 12
7599 15
7600 19
7601 12
7602 8
7603 11
7604 5
7605 19
7606 1
7607 12
7608 14
7609 15
7610 2
7611 12
7612 3
7613 15
7614 8
7615 10
7616 16
7617 19
7618 3
7619 6
7620 3
7621 18
7622 10
7623 9
7624 4
7625 6
7626 14
7627 15
7628 20
7629 20
7630 16
7631 1
7632 20
7633 7
7634 3
7635 10
7636 11
7637 19
7638 1
7639 1
7640 21
7641 10
7642 5
7643 13
7644 17
7645 9
7646 13
7647 10
7648 18
7649 16
7650 13
7651 3
7652 10
7653 4
7654 14
7655 6
7656 14
7657 4
7658 13
7659 19
7660 1
7661 9
7662 20
7663 16
7664 18
7665 1
7666 12
7667 7
7668 4
7669 14
7670 20
7671 12
7672 14
7673 15
7674 1
7675 16
7676 6
7677 3
7678 15
7679 15
7680 10
7681 19
7682 4
7683 7
7684 5
7685 1
7686 8
7687 14
7688 16
7689 2
7690 6
7691 22
7692 11
7693 13
7694 5
7695 12
7696 22
7697 15
7698 16
7699 6
7700 12
7701 5
7702 14
7703 2
7704 5
7705 3
7706 7
7707 7
7708 9
7709 13
7710 4
7711 8
7712 18
7713 4
7714 16
7715 17
7716 9
7717 17
7718 11
7719 12
7720 18
7721 16
7722 10
7723 13
7724 8
7725 4
7726 11
7727 18
7728 16
7729 12
7730 5
7731 2
7732 11
7733 16
7734 10
7735 12
7736 19
7737 8
7738 17
7739 8
7740 3
7741 14
7742 9
7743 13
7744 5
7745 11
7746 9
7747 5
7748 15
7749 6
7750 17
7751 2
7752 17
7753 7
7754 22
7755 2
7756 7
7757 11
7758 12
7759 21
7760 12
7761 10
7762 4
7763 5
7764 18
7765 5
7766 5
7767 19
7768 2
7769 12
7770 1
7771 10
7772 19
7773 13
7774 16
7775 18
7776 9
7777 12
7778 14
7779 16
7780 6
7781 4
7782 18
7783 6
7784 22
7785 13
7786 5
7787 10
7788 14
7789 5
7790 1
7791 20
7792 17
7793 13
7794 12
7795 7
7796 16
7797 18
7798 14
7799 20
7800 7
7801 21
7802 7
7803 14
7804 1
7805 15
7806 14
7807 3
7808 8
7809 2
7810 6
7811 19
7812 16
7813 15
7814 16
7815 3
7816 14
7817 12
7818 6
7819 10
7820 7
7821 12
7822 8
7823 5
7824 5
7825 10
7826 1
7827 13
7828 21
7829 8
7830 3
7831 21
7832 17
7833 7
7834 16
7835 1
7836 5
7837 22
7838 15
7839 17
7840 17
7841 21
7842 18
7843 17
7844 13
7845 12
7846 16
7847 3
7848 6
7849 10
7850 3
7851 3
7852 13
7853 5
7854 16
7855 17
7856 8
7857 2
7858 14
7859 3
7860 7
7861 7
7862 11
7863 2
7864 16
7865 1
7866 7
7867 4
7868 2
7869 9
7870 14
7871 15
7872 11
7873 8
7874 12
7875 14
7876 9
7877 15
7878 14
7879 16
7880 10
7881 15
7882 15
7883 5
7884 9
7885 16
7886 2
7887 7
7888 10
7889 19
7890 21
7891 8
7892 16
7893 4
7894 17
7895 7
7896 11
7897 16
7898 21
7899 18
7900 11
7901 16
7902 1
7903 5
7904 7
7905 3
7906 4
7907 17
7908 12
7909 14
7910 11
7911 4
7912 17
7913 13
7914 11
7915 12
7916 10
7917 1
7918 20
7919 1
7920 19
7921 14
7922 15
7923 4
7924 18
7925 14
7926 17
7927 5
7928 8
7929 14
7930 20
7931 10
7932 6
7933 18
7934 15
7935 7
7936 4
7937 18
7938 9
7939 10
7940 5
7941 11
7942 18
7943 3
7944 4
7945 11
7946 3
7947 2
7948 14
7949 23
7950 12
7951 11
7952 2
7953 3
7954 17
7955 12
7956 15
7957 7
7958 7
7959 5
7960 8
7961 9
7962 13
7963 13
7964 6
7965 3
7966 3
7967 8
7968 12
7969 8
7970 22
7971 19
7972 17
7973 1
7974 7
7975 3
7976 3
7977 3
7978 9
7979 5
7980 1
7981 4
7982 12
7983 17
7984 13
7985 13
7986 7
7987 16
7988 11
7989 17
7990 6
7991 1
7992 4
7993 12
7994 2
7995 2
7996 8
7997 10
7998 5
7999 17
8000 2
8001 17
8002 17
8003 20
8004 13
8005 1
8006 16
8007 21
8008 1
8009 10
8010 11
8011 13
8012 2
8013 17
8014 11
8015 5
8016 15
8017 21
8018 14
8019 7
8020 4
8021 13
8022 15
8023 20
8024 1
8025 20
8026 10
8027 3
8028 12
8029 6
8030 9
8031 13
8032 15
8033 18
8034 16
8035 21
8036 17
8037 2
8038 6
8039 1
8040 17
8041 9
8042 5
8043 15
8044 12
8045 18
8046 3
8047 6
8048 4
8049 2
8050 6
8051 15
8052 3
8053 17
8054 3
8055 13
8056 1
8057 19
8058 18
8059 9
8060 18
8061 2
8062 20
8063 19
8064 10
8065 16
8066 3
8067 8
8068 12
8069 2
8070 16
8071 15
8072 12
8073 1
8074 11
8075 2
8076 7
8077 17
8078 8
8079 17
8080 1
8081 14
8082 9
8083 15
8084 4
8085 3
8086 14
8087 9
8088 1
8089 10
8090 14
8091 21
8092 6
8093 6
8094 12
8095 13
8096 12
8097 10
8098 21
8099 8
8100 4
8101 3
8102 18
8103 14
8104 10
8105 4
8106 12
8107 18
8108 6
8109 10
8110 9
8111 5
8112 2
8113 4
8114 8
8115 19
8116 18
8117 4
8118 15
8119 6
8120 13
8121 19
8122 5
8123 2
8124 15
8125 8
8126 9
8127 12
8128 13
8129 17
8130 14
8131 17
8132 6
8133 25
8134 1
8135 9
8136 8
8137 13
8138 14
8139 8
8140 27
8141 2
8142 15
8143 3
8144 5
8145 9
8146 2
8147 14
8148 10
8149 2
8150 9
8151 11
8152 5
8153 1
8154 16
8155 8
8156 9
8157 19
8158 9
8159 17
8160 9
8161 3
8162 10
8163 8
8164 18
8165 1
8166 3
8167 18
8168 19
8169 12
8170 8
8171 16
8172 19
8173 14
8174 3
8175 2
8176 3
8177 16
8178 7
8179 1
8180 17
8181 12
8182 6
8183 23
8184 13
8185 5
8186 9
8187 3
8188 1
8189 1
8190 3
8191 10
8192 10
8193 3
8194 9
8195 9
8196 19
8197 6
8198 8
8199 14
8200 12
8201 3
8202 18
8203 13
8204 7
8205 16
8206 11
8207 9
8208 2
8209 3
8210 17
8211 5
8212 5
8213 16
8214 2
8215 21
8216 16
8217 3
8218 4
8219 22
8220 15
8221 2
8222 4
8223 9
8224 5
8225 8
8226 17
8227 14
8228 4
8229 1
8230 8
8231 3
8232 11
8233 2
8234 3
8235 18
8236 5
8237 10
8238 6
8239 7
8240 19
8241 19
8242 16
8243 4
8244 14
8245 8
8246 16
8247 5
8248 10
8249 21
8250 11
8251 18
8252 8
8253 18
8254 2
8255 11
8256 19
8257 22
8258 4
8259 13
8260 4
8261 15
8262 5
8263 6
8264 17
8265 18
8266 6
8267 9
8268 4
8269 12
8270 10
8271 7
8272 14
8273 9
8274 11
8275 4
8276 6
8277 5
8278 13
8279 13
8280 2
8281 19
8282 14
8283 20
8284 14
8285 15
8286 21
8287 3
8288 19
8289 9
8290 10
8291 9
8292 15
8293 8
8294 19
8295 13
8296 6
8297 21
8298 23
8299 12
8300 20
8301 4
8302 4
8303 15
8304 19
8305 20
8306 17
8307 18
8308 19
8309 3
8310 14
8311 8
8312 5
8313 6
8314 20
8315 1
8316 1
8317 9
8318 15
8319 11
8320 16
8321 18
8322 5
8323 5
8324 10
8325 4
8326 5
8327 17
8328 9
8329 4
8330 3
8331 10
8332 8
8333 15
8334 17
8335 18
8336 12
8337 5
8338 21
8339 18
8340 1
8341 7
8342 14
8343 16
8344 13
8345 19
8346 3
8347 1
8348 12
8349 12
8350 2
8351 10
8352 20
8353 15
8354 5
8355 4
8356 11
8357 5
8358 5
8359 6
8360 5
8361 7
8362 16
8363 12
8364 5
8365 2
8366 16
8367 17
8368 17
8369 10
8370 25
8371 17
8372 12
8373 16
8374 17
8375 5
8376 18
8377 10
8378 6
8379 11
8380 5
8381 1
8382 13
8383 15
8384 11
8385 7
8386 6
8387 19
8388 9
8389 1
8390 7
8391 7
8392 7
8393 13
8394 9
8395 17
8396 14
8397 8
8398 9
8399 21
8400 21
8401 9
8402 10
8403 22
8404 18
8405 2
8406 6
8407 8
8408 8
8409 4
8410 6
8411 7
8412 3
8413 7
8414 8
8415 18
8416 16
8417 8
8418 6
8419 18
8420 9
8421 20
8422 6
8423 4
8424 4
8425 9
8426 10
8427 8
8428 1
8429 12
8430 12
8431 8
8432 19
8433 16
8434 17
8435 7
8436 9
8437 17
8438 18
8439 16
8440 10
8441 3
8442 5
8443 15
8444 9
8445 2
8446 12
8447 4
8448 15
8449 16
8450 8
8451 8
8452 7
8453 1
8454 8
8455 5
8456 7
8457 14
8458 7
8459 9
8460 19
8461 1
8462 13
8463 11
8464 12
8465 5
8466 10
8467 1
8468 3
8469 3
8470 2
8471 2
8472 12
8473 4
8474 11
8475 12
8476 2
8477 5
8478 10
8479 11
8480 15
8481 18
8482 20
8483 17
8484 5
8485 15
8486 4
8487 7
8488 12
8489 10
8490 17
8491 7
8492 5
8493 15
8494 18
8495 3
8496 15
8497 16
8498 9
8499 3
8500 3
8501 16
8502 17
8503 4
8504 5
8505 3
8506 19
8507 3
8508 11
8509 5
8510 4
8511 2
8512 1
8513 1
8514 12
8515 13
8516 14
8517 15
8518 6
8519 8
8520 18
8521 14
8522 17
8523 1
8524 6
8525 13
8526 6
8527 8
8528 16
8529 13
8530 6
8531 5
8532 4
8533 4
8534 3
8535 21
8536 14
8537 16
8538 7
8539 7
8540 15
8541 2
8542 9
8543 12
8544 9
8545 15
8546 1
8547 13
8548 13
8549 14
8550 19
8551 8
8552 17
8553 23
8554 4
8555 16
8556 2
8557 8
8558 12
8559 11
8560 13
8561 15
8562 6
8563 17
8564 3
8565 16
8566 21
8567 13
8568 19
8569 21
8570 3
8571 15
8572 3
8573 9
8574 9
8575 15
8576 14
8577 14
8578 14
8579 13
8580 13
8581 10
8582 3
8583 4
8584 15
8585 6
8586 9
8587 14
8588 4
8589 1
8590 14
8591 3
8592 8
8593 20
8594 3
8595 11
8596 18
8597 6
8598 3
8599 7
8600 5
8601 19
8602 2
8603 16
8604 13
8605 19
8606 1
8607 3
8608 14
8609 9
8610 2
8611 1
8612 15
8613 2
8614 5
8615 8
8616 2
8617 7
8618 11
8619 15
8620 9
8621 10
8622 10
8623 4
8624 10
8625 2
8626 17
8627 9
8628 20
8629 7
8630 15
8631 22
8632 5
8633 20
8634 19
8635 17
8636 14
8637 16
8638 12
8639 18
8640 5
8641 20
8642 2
8643 15
8644 21
8645 1
8646 1
8647 12
8648 9
8649 14
8650 14
8651 7
8652 9
8653 14
8654 2
8655 7
8656 11
8657 14
8658 14
8659 1
8660 8
8661 5
8662 3
8663 21
8664 16
8665 12
8666 22
8667 1
8668 12
8669 2
8670 13
8671 19
8672 15
8673 10
8674 11
8675 8
8676 16
8677 9
8678 3
8679 12
8680 12
8681 10
8682 16
8683 3
8684 15
8685 12
8686 16
8687 5
8688 12
8689 2
8690 4
8691 16
8692 13
8693 18
8694 5
8695 19
8696 3
8697 20
8698 20
8699 14
8700 14
8701 12
8702 13
8703 4
8704 5
8705 1
8706 3
8707 21
8708 17
8709 11
8710 1
8711 18
8712 15
8713 18
8714 15
8715 19
8716 3
8717 17
8718 13
8719 13
8720 3
8721 13
8722 18
8723 13
8724 15
8725 16
8726 9
8727 7
8728 15
8729 1
8730 5
8731 8
8732 1
8733 10
8734 3
8735 16
8736 6
8737 17
8738 18
8739 15
8740 10
8741 4
8742 23
8743 1
8744 5
8745 11
8746 7
8747 20
8748 3
8749 2
8750 1
8751 5
8752 11
8753 13
8754 17
8755 7
8756 7
8757 13
8758 12
8759 8
8760 13
8761 13
8762 3
8763 17
8764 10
8765 14
8766 11
8767 12
8768 5
8769 7
8770 16
8771 12
8772 1
8773 1
8774 14
8775 7
8776 9
8777 16
8778 13
8779 17
8780 4
8781 7
8782 17
8783 11
8784 9
8785 14
8786 9
8787 12
8788 13
8789 2
8790 2
8791 9
8792 6
8793 11
8794 8
8795 3
8796 2
8797 11
8798 10
8799 2
8800 16
8801 2
8802 14
8803 18
8804 16
8805 10
8806 7
8807 16
8808 20
8809 6
8810 14
8811 12
8812 7
8813 7
8814 13
8815 11
8816 11
8817 22
8818 16
8819 8
8820 11
8821 11
8822 20
8823 3
8824 14
8825 3
8826 3
8827 22
8828 17
8829 6
8830 11
8831 20
8832 4
8833 2
8834 18
8835 2
8836 6
8837 8
8838 11
8839 17
8840 14
8841 11
8842 3
8843 19
8844 12
8845 4
8846 10
8847 4
8848 5
8849 15
8850 12
8851 6
8852 16
8853 2
8854 8
8855 1
8856 15
8857 5
8858 18
8859 20
8860 20
8861 4
8862 9
8863 14
8864 18
8865 7
8866 6
8867 13
8868 2
8869 8
8870 6
8871 3
8872 11
8873 4
8874 19
8875 3
8876 1
8877 10
8878 9
8879 4
8880 6
8881 3
8882 16
8883 9
8884 3
8885 4
8886 22
8887 16
8888 1
8889 10
8890 15
8891 6
8892 15
8893 17
8894 11
8895 21
8896 17
8897 5
8898 3
8899 18
8900 12
8901 12
8902 16
8903 9
8904 16
8905 7
8906 6
8907 10
8908 16
8909 19
8910 5
8911 18
8912 5
8913 1
8914 5
8915 14
8916 6
8917 8
8918 10
8919 6
8920 13
8921 3
8922 12
8923 2
8924 9
8925 8
8926 22
8927 1
8928 7
8929 11
8930 22
8931 6
8932 15
8933 11
8934 16
8935 3
8936 1
8937 15
8938 10
8939 4
8940 5
8941 3
8942 19
8943 1
8944 1
8945 20
8946 11
8947 3
8948 15
8949 14
8950 9
8951 15
8952 8
8953 2
8954 4
8955 11
8956 1
8957 3
8958 1
8959 14
8960 8
8961 12
8962 15
8963 10
8964 14
8965 15
8966 14
8967 14
8968 7
8969 17
8970 13
8971 7
8972 15
8973 11
8974 13
8975 16
8976 13
8977 16
8978 4
8979 17
8980 13
8981 7
8982 23
8983 5
8984 7
8985 4
8986 9
8987 20
8988 6
8989 6
8990 1
8991 4
8992 18
8993 5
8994 21
8995 19
8996 10
8997 23
8998 18
8999 10
9000 14
9001 16
9002 13
9003 19
9004 14
9005 11
9006 22
9007 16
9008 20
9009 21
9010 2
9011 15
9012 8
9013 18
9014 17
9015 3
9016 3
9017 21
9018 7
9019 8
9020 15
9021 8
9022 20
9023 19
9024 1
9025 1
9026 10
9027 17
9028 24
9029 16
9030 8
9031 1
9032 10
9033 13
9034 17
9035 11
9036 1
9037 4
9038 5
9039 23
9040 15
9041 4
9042 8
9043 1
9044 12
9045 12
9046 12
9047 7
9048 15
9049 18
9050 9
9051 6
9052 22
9053 20
9054 19
9055 3
9056 19
9057 14
9058 4
9059 17
9060 14
9061 18
9062 2
9063 9
9064 15
9065 20
9066 11
9067 12
9068 5
9069 8
9070 14
9071 1
9072 8
9073 3
9074 13
9075 13
9076 13
9077 18
9078 11
9079 1
9080 21
9081 7
9082 16
9083 13
9084 12
9085 10
9086 1
9087 4
9088 21
9089 1
9090 19
9091 2
9092 14
9093 3
9094 6
9095 9
9096 17
9097 14
9098 7
9099 15
9100 16
9101 15
9102 5
9103 16
9104 6
9105 12
9106 20
9107 16
9108 3
9109 10
9110 14
9111 7
9112 1
9113 1
9114 7
9115 8
9116 19
9117 8
9118 2
9119 4
9120 16
9121 3
9122 2
9123 3
9124 4
9125 18
9126 12
9127 4
9128 16
9129 10
9130 8
9131 14
9132 8
9133 17
9134 3
9135 5
9136 2
9137 1
9138 3
9139 10
9140 14
9141 16
9142 9
9143 12
9144 13
9145 14
9146 9
9147 14
9148 12
9149 16
9150 8
9151 7
9152 17
9153 2
9154 7
9155 20
9156 5
9157 4
9158 15
9159 8
9160 11
9161 13
9162 16
9163 22
9164 15
9165 12
9166 7
9167 8
9168 19
9169 13
9170 21
9171 12
9172 17
9173 5
9174 1
9175 15
9176 3
9177 1
9178 10
9179 12
9180 2
9181 16
9182 6
9183 2
9184 8
9185 15
9186 15
9187 14
9188 16
9189 17
9190 12
9191 3
9192 11
9193 18
9194 17
9195 10
9196 7
9197 13
9198 2
9199 11
9200 16
9201 8
9202 16
9203 2
9204 14
9205 17
9206 6
9207 14
9208 17
9209 21
9210 7
9211 13
9212 5
9213 13
9214 11
9215 9
9216 5
9217 4
9218 14
9219 17
9220 13
9221 13
9222 4
9223 9
9224 10
9225 16
9226 19
9227 8
9228 7
9229 7
9230 7
9231 3
9232 2
9233 12
9234 9
9235 20
9236 1
9237 4
9238 12
9239 11
9240 15
9241 6
9242 14
9243 3
9244 3
9245 16
9246 22
9247 7
9248 19
9249 13
9250 10
9251 18
9252 16
9253 6
9254 12
9255 6
9256 17
9257 16
9258 7
9259 4
9260 10
9261 16
9262 14
9263 15
9264 2
9265 19
9266 2
9267 20
9268 12
9269 11
9270 2
9271 6
9272 13
9273 7
9274 16
9275 12
9276 1
9277 18
9278 3
9279 5
9280 20
9281 7
9282 7
9283 11
9284 11
9285 12
9286 12
9287 11
9288 12
9289 7
9290 13
9291 8
9292 6
9293 12
9294 16
9295 11
9296 6
9297 14
9298 12
9299 8
9300 17
9301 13
9302 14
9303 14
9304 14
9305 19
9306 10
9307 3
9308 16
9309 6
9310 1
9311 9
9312 19
9313 9
9314 8
9315 9
9316 10
9317 20
9318 9
9319 21
9320 4
9321 5
9322 9
9323 5
9324 23
9325 20
9326 7
9327 21
9328 9
9329 12
9330 11
9331 4
9332 18
9333 5
9334 1
9335 18
9336 13
9337 15
9338 15
9339 11
9340 10
9341 12
9342 7
9343 14
9344 6
9345 1
9346 15
9347 5
9348 12
9349 9
9350 8
9351 10
9352 13
9353 17
9354 11
9355 16
9356 13
9357 8
9358 11
9359 11
9360 12
9361 19
9362 2
9363 11
9364 8
9365 16
9366 14
9367 11
9368 16
9369 18
9370 16
9371 5
9372 4
9373 11
9374 2
9375 23
9376 16
9377 7
9378 19
9379 8
9380 4
9381 4
9382 19
9383 11
9384 2
9385 8
9386 16
9387 20
9388 8
9389 20
9390 18
9391 19
9392 9
9393 8
9394 22
9395 10
9396 9
9397 14
9398 15
9399 11
9400 17
9401 10
9402 9
9403 19
9404 16
9405 19
9406 17
9407 8
9408 16
9409 17
9410 5
9411 8
9412 5
9413 14
9414 9
9415 19
9416 2
9417 12
9418 13
9419 16
9420 19
9421 3
9422 17
9423 7
9424 15
9425 7
9426 17
9427 16
9428 10
9429 1
9430 4
9431 18
9432 18
9433 3
9434 2
9435 1
9436 9
9437 2
9438 19
9439 8
9440 3
9441 17
9442 4
9443 11
9444 15
9445 17
9446 5
9447 19
9448 15
9449 6
9450 1
9451 2
9452 12
9453 20
9454 11
9455 18
9456 9
9457 5
9458 7
9459 10
9460 4
9461 17
9462 6
9463 14
9464 16
9465 20
9466 3
9467 14
9468 7
9469 19
9470 8
9471 16
9472 11
9473 5
9474 3
9475 15
9476 9
9477 5
9478 18
9479 10
9480 12
9481 5
9482 8
9483 5
9484 10
9485 3
9486 6
9487 8
9488 6
9489 5
9490 15
9491 13
9492 14
9493 5
9494 3
9495 11
9496 16
9497 4
9498 4
9499 25
9500 2
9501 6
9502 11
9503 2
9504 11
9505 15
9506 17
9507 13
9508 3
9509 13
9510 1
9511 2
9512 3
9513 4
9514 4
9515 20
9516 3
9517 5
9518 18
9519 19
9520 16
9521 8
9522 2
9523 1
9524 4
9525 20
9526 20
9527 15
9528 8
9529 3
9530 13
9531 8
9532 14
9533 5
9534 5
9535 6
9536 6
9537 19
9538 15
9539 18
9540 18
9541 22
9542 5
9543 9
9544 15
9545 11
9546 4
9547 2
9548 4
9549 10
9550 15
9551 19
9552 7
9553 21
9554 12
9555 8
9556 7
9557 2
9558 15
9559 18
9560 15
9561 7
9562 12
9563 17
9564 6
9565 8
9566 11
9567 16
9568 15
9569 8
9570 8
9571 5
9572 5
9573 6
9574 1
9575 21
9576 9
9577 18
9578 18
9579 7
9580 2
9581 4
9582 16
9583 16
9584 3
9585 1
9586 10
9587 2
9588 1
9589 17
9590 7
9591 20
9592 10
9593 20
9594 15
9595 14
9596 7
9597 12
9598 6
9599 10
9600 8
9601 5
9602 19
9603 22
9604 9
9605 17
9606 8
9607 11
9608 1
9609 18
9610 11
9611 11
9612 12
9613 7
9614 13
9615 11
9616 1
9617 12
9618 7
9619 1
9620 8
9621 16
9622 13
9623 3
9624 7
9625 14
9626 4
9627 17
9628 5
9629 19
9630 14
9631 21
9632 15
9633 11
9634 20
9635 3
9636 16
9637 5
9638 18
9639 13
9640 12
9641 11
9642 17
9643 13
9644 5
9645 9
9646 6
9647 17
9648 15
9649 17
9650 11
9651 9
9652 8
9653 7
9654 12
9655 14
9656 5
9657 20
9658 10
9659 4
9660 11
9661 4
9662 10
9663 16
9664 10
9665 14
9666 19
9667 17
9668 12
9669 4
9670 12
9671 17
9672 4
9673 7
9674 8
9675 2
9676 15
9677 23
9678 15
9679 12
9680 20
9681 18
9682 12
9683 1
9684 7
9685 19
9686 10
9687 6
9688 15
9689 1
9690 16
9691 1
9692 23
9693 14
9694 10
9695 1
9696 2
9697 17
9698 13
9699 17
9700 17
9701 21
9702 8
9703 13
9704 15
9705 12
9706 8
9707 13
9708 16
9709 2
9710 20
9711 14
9712 1
9713 7
9714 15
9715 11
9716 3
9717 18
9718 11
9719 13
9720 9
9721 8
9722 1
9723 12
9724 2
9725 14
9726 11
9727 8
9728 12
9729 23
9730 14
9731 13
9732 22
9733 1
9734 10
9735 4
9736 10
9737 15
9738 22
9739 13
9740 1
9741 11
9742 17
9743 2
9744 1
9745 10
9746 8
9747 15
9748 15
9749 17
9750 17
9751 10
9752 18
9753 22
9754 20
9755 6
9756 8
9757 10
9758 11
9759 18
9760 7
9761 10
9762 23
9763 14
9764 19
9765 11
9766 20
9767 9
9768 6
9769 15
9770 12
9771 16
9772 9
9773 1
9774 11
9775 15
9776 15
9777 6
9778 5
9779 20
9780 6
9781 9
9782 13
9783 18
9784 4
9785 15
9786 7
9787 9
9788 22
9789 14
9790 16
9791 15
9792 4
9793 13
9794 10
9795 21
9796 2
9797 6
9798 6
9799 21
9800 11
9801 17
9802 2
9803 7
9804 8
9805 7
9806 14
9807 7
9808 1
9809 6
9810 15
9811 16
9812 1
9813 11
9814 18
9815 17
9816 19
9817 16
9818 20
9819 14
9820 12
9821 6
9822 16
9823 18
9824 20
9825 11
9826 10
9827 11
9828 19
9829 17
9830 4
9831 11
9832 21
9833 12
9834 16
9835 10
9836 18
9837 6
9838 9
9839 9
9840 15
9841 5
9842 4
9843 4
9844 16
9845 5
9846 1
9847 15
9848 5
9849 17
9850 2
9851 4
9852 19
9853 8
9854 8
9855 19
9856 14
9857 6
9858 2
9859 7
9860 10
9861 17
9862 12
9863 14
9864 8
9865 6
9866 19
9867 4
9868 16
9869 3
9870 14
9871 5
9872 17
9873 16
9874 4
9875 3
9876 20
9877 2
9878 1
9879 7
9880 14
9881 4
9882 7
9883 12
9884 5
9885 7
9886 18
9887 8
9888 21
9889 15
9890 8
9891 2
9892 12
9893 8
9894 10
9895 10
9896 8
9897 2
9898 21
9899 8
9900 3
9901 3
9902 3
9903 6
9904 14
9905 3
9906 7
9907 7
9908 18
9909 20
9910 13
9911 6
9912 6
9913 16
9914 2
9915 20
9916 11
9917 7
9918 12
9919 9
9920 10
9921 12
9922 2
9923 10
9924 2
9925 5
9926 15
9927 16
9928 7
9929 16
9930 17
9931 20
9932 2
9933 13
9934 11
9935 6
9936 16
9937 20
9938 9
9939 5
9940 15
9941 5
9942 6
9943 6
9944 10
9945 17
9946 17
9947 7
9948 2
9949 6
9950 7
9951 1
9952 2
9953 9
9954 3
9955 5
9956 14
9957 16
9958 10
9959 14
9960 20
9961 19
9962 16
9963 14
9964 2
9965 16
9966 5
9967 18
9968 8
9969 1
9970 14
9971 11
9972 9
9973 16
9974 21
9975 13
9976 3
9977 10
9978 11
9979 17
9980 14
9981 20
9982 10
9983 15
9984 4
9985 20
9986 1
9987 5
9988 14
9989 12
9990 7
9991 12
9992 3
9993 5
9994 3
9995 11
9996 3
9997 16
9998 18
9999 6
