0 1637
1 153
2 30
3 263
4 362
5 22
6 183
7 162
8 80
9 283
10 172
11 176
12 328
13 166
14 233
15 192
16 173
17 143
18 100
19 23
20 180
21 114
22 21
23 9
24 79
25 168
26 125
27 2
28 72
29 90
30 131
31 22
32 101
33 85
34 84
35 141
36 96
37 118
38 241
39 31
40 33
41 88
42 131
43 57
44 47
45 158
46 123
47 153
48 108
49 74
50 178
51 38
52 118
53 55
54 33
55 89
56 60
57 133
58 158
59 176
60 56
61 102
62 60
63 16
64 17
65 101
66 120
67 38
68 23
69 14
70 86
71 58
72 137
73 134
74 97
75 58
76 98
77 67
78 71
79 80
80 61
81 3
82 61
83 97
84 101
85 47
86 5
87 21
88 40
89 30
90 46
91 40
92 56
93 12
94 59
95 95
96 61
97 28
98 27
99 28
100 28
101 20
102 14
103 35
104 3
105 56
106 56
107 39
108 38
109 6
110 40
111 25
112 35
113 49
114 50
115 37
116 48
117 71
118 19
119 22
120 33
121 36
122 68
123 16
124 26
125 82
126 61
127 53
128 25
129 65
130 76
131 24
132 90
133 70
134 44
135 76
136 18
137 39
138 10
139 5
140 37
141 46
142 16
143 76
144 3
145 67
146 92
147 33
148 64
149 10
150 57
151 62
152 5
153 15
154 50
155 60
156 26
157 54
158 22
159 84
160 88
161 27
162 23
163 13
164 67
165 10
166 58
167 69
168 19
169 16
170 61
171 59
172 54
173 19
174 34
175 41
176 18
177 72
178 30
179 3
180 39
181 27
182 50
183 58
184 35
185 72
186 62
187 31
188 4
189 34
190 93
191 30
192 64
193 7
194 44
195 8
196 63
197 38
198 18
199 69
200 39
201 18
202 60
203 10
204 50
205 63
206 12
207 50
208 22
209 5
210 28
211 3
212 42
213 39
214 51
215 26
216 9
217 73
218 46
219 25
220 34
221 17
222 46
223 92
224 18
225 13
226 72
227 15
228 42
229 116
230 50
231 19
232 65
233 15
234 27
235 48
236 12
237 37
238 5
239 59
240 71
241 30
242 42
243 21
244 12
245 78
246 5
247 13
248 24
249 17
250 42
251 54
252 14
253 3
254 16
255 58
256 43
257 6
258 43
259 6
260 50
261 31
262 20
263 48
264 1
265 53
266 22
267 26
268 26
269 20
270 38
271 13
272 48
273 9
274 49
275 37
276 18
277 35
278 31
279 21
280 39
281 21
282 25
283 41
284 38
285 29
286 52
287 44
288 59
289 52
290 3
291 5
292 50
293 13
294 62
295 9
296 20
297 4
298 31
299 27
300 10
301 44
302 47
303 41
304 31
305 16
306 4
307 51
308 39
309 21
310 23
311 5
312 22
313 2
314 19
315 23
316 25
317 33
318 8
319 38
320 37
321 33
322 44
323 49
324 4
325 8
326 11
327 42
328 9
329 48
330 3
331 47
332 30
333 41
334 40
335 20
336 1
337 3
338 36
339 46
340 5
341 29
342 32
343 31
344 14
345 60
346 31
347 13
348 22
349 23
350 11
351 6
352 40
353 30
354 30
355 57
356 10
357 12
358 2
359 75
360 39
361 49
362 29
363 22
364 7
365 45
366 1
367 12
368 26
369 33
370 2
371 32
372 1
373 33
374 10
375 30
376 58
377 19
378 9
379 19
380 15
381 44
382 23
383 10
384 49
385 2
386 15
387 17
388 62
389 44
390 10
391 33
392 25
393 55
394 18
395 2
396 35
397 12
398 28
399 1
400 6
401 5
402 9
403 19
404 30
405 27
406 55
407 19
408 35
409 40
410 1
411 20
412 12
413 28
414 50
415 18
416 24
417 30
418 21
419 2
420 9
421 29
422 13
423 1
424 26
425 37
426 6
427 25
428 12
429 20
430 27
431 27
432 25
433 34
434 4
435 9
436 11
437 27
438 12
439 34
440 28
441 27
442 41
443 33
444 12
445 6
446 39
447 22
448 23
449 32
450 28
451 25
452 44
453 4
454 1
455 17
456 20
457 4
458 33
459 22
460 14
461 30
462 6
463 22
464 56
465 14
466 24
467 43
468 39
469 45
470 17
471 64
472 7
473 32
474 6
475 33
476 3
477 27
478 40
479 37
480 29
481 20
482 19
483 37
484 13
485 36
486 17
487 15
488 20
489 28
490 28
491 7
492 12
493 56
494 33
495 29
496 8
497 42
498 14
499 1
500 1
501 11
502 9
503 1
504 14
505 14
506 25
507 22
508 3
509 2
510 43
511 32
512 29
513 42
514 9
515 11
516 14
517 28
518 3
519 39
520 23
521 26
522 30
523 3
524 15
525 15
526 18
527 18
528 38
529 28
530 6
531 4
532 40
533 34
534 9
535 39
536 7
537 12
538 56
539 4
540 55
541 27
542 11
543 14
544 38
545 55
546 37
547 41
548 11
549 2
550 27
551 22
552 6
553 1
554 40
555 32
556 12
557 42
558 16
559 5
560 5
561 2
562 8
563 20
564 8
565 54
566 9
567 32
568 21
569 48
570 16
571 2
572 43
573 17
574 32
575 38
576 46
577 11
578 20
579 28
580 17
581 37
582 48
583 42
584 24
585 12
586 17
587 47
588 11
589 10
590 8
591 10
592 21
593 8
594 31
595 10
596 15
597 14
598 21
599 21
600 22
601 24
602 23
603 24
604 1
605 5
606 9
607 23
608 9
609 21
610 6
611 21
612 23
613 29
614 43
615 47
616 46
617 2
618 20
619 30
620 14
621 13
622 17
623 25
624 24
625 5
626 16
627 25
628 9
629 24
630 18
631 2
632 15
633 5
634 17
635 30
636 5
637 9
638 39
639 19
640 27
641 17
642 18
643 21
644 19
645 29
646 5
647 20
648 18
649 5
650 6
651 6
652 10
653 23
654 5
655 27
656 14
657 20
658 15
659 1
660 46
661 26
662 26
663 21
664 22
665 5
666 5
667 23
668 7
669 3
670 1
671 60
672 27
673 4
674 11
675 2
676 27
677 17
678 37
679 22
680 8
681 2
682 7
683 34
684 28
685 62
686 31
687 5
688 14
689 14
690 2
691 14
692 12
693 9
694 31
695 21
696 6
697 9
698 30
699 12
700 7
701 10
702 6
703 22
704 37
705 11
706 22
707 32
708 21
709 13
710 29
711 21
712 23
713 25
714 26
715 4
716 10
717 20
718 32
719 2
720 4
721 35
722 26
723 30
724 4
725 3
726 2
727 9
728 7
729 1
730 36
731 41
732 7
733 27
734 12
735 51
736 23
737 27
738 1
739 31
740 9
741 15
742 17
743 6
744 21
745 9
746 7
747 38
748 8
749 7
750 25
751 23
752 1
753 16
754 33
755 29
756 3
757 34
758 8
759 12
760 15
761 33
762 10
763 14
764 9
765 35
766 38
767 33
768 18
769 16
770 12
771 10
772 18
773 13
774 13
775 15
776 24
777 14
778 6
779 10
780 7
781 7
782 1
783 15
784 19
785 23
786 26
787 17
788 8
789 19
790 8
791 39
792 20
793 13
794 21
795 2
796 25
797 49
798 16
799 30
800 11
801 28
802 20
803 26
804 5
805 6
806 11
807 8
808 25
809 14
810 20
811 24
812 25
813 26
814 19
815 5
816 25
817 17
818 23
819 27
820 4
821 22
822 17
823 11
824 34
825 19
826 15
827 21
828 12
829 2
830 30
831 36
832 30
833 4
834 29
835 7
836 2
837 1
838 27
839 19
840 11
841 22
842 29
843 9
844 9
845 19
846 44
847 19
848 41
849 4
850 22
851 36
852 18
853 32
854 34
855 23
856 6
857 33
858 11
859 34
860 5
861 2
862 5
863 5
864 38
865 18
866 20
867 2
868 12
869 21
870 11
871 16
872 7
873 13
874 8
875 12
876 54
877 19
878 22
879 13
880 14
881 11
882 21
883 1
884 26
885 25
886 7
887 18
888 15
889 8
890 14
891 2
892 39
893 19
894 29
895 1
896 20
897 31
898 17
899 14
900 28
901 17
902 38
903 12
904 4
905 25
906 21
907 10
908 21
909 17
910 26
911 1
912 9
913 16
914 7
915 39
916 14
917 9
918 2
919 12
920 26
921 13
922 3
923 35
924 15
925 20
926 21
927 22
928 20
929 2
930 7
931 21
932 3
933 11
934 30
935 36
936 25
937 24
938 28
939 28
940 10
941 9
942 8
943 32
944 2
945 37
946 20
947 26
948 6
949 27
950 18
951 29
952 18
953 4
954 22
955 5
956 3
957 24
958 22
959 11
960 19
961 1
962 1
963 27
964 11
965 18
966 4
967 5
968 8
969 14
970 8
971 21
972 4
973 26
974 4
975 22
976 4
977 2
978 5
979 38
980 12
981 23
982 1
983 6
984 19
985 20
986 22
987 1
988 38
989 64
990 39
991 20
992 13
993 39
994 15
995 15
996 1
997 6
998 24
999 3
1000 8
1001 23
1002 21
1003 20
1004 13
1005 24
1006 38
1007 19
1008 39
1009 12
1010 9
1011 5
1012 11
1013 16
1014 24
1015 10
1016 9
1017 15
1018 25
1019 24
1020 18
1021 21
1022 27
1023 17
1024 7
1025 3
1026 18
1027 29
1028 17
1029 12
1030 20
1031 16
1032 24
1033 16
1034 24
1035 23
1036 9
1037 10
1038 17
1039 18
1040 1
1041 40
1042 3
1043 16
1044 23
1045 8
1046 20
1047 12
1048 29
1049 9
1050 37
1051 17
1052 18
1053 11
1054 31
1055 7
1056 19
1057 6
1058 10
1059 3
1060 7
1061 15
1062 35
1063 27
1064 30
1065 1
1066 33
1067 18
1068 2
1069 18
1070 17
1071 5
1072 4
1073 19
1074 5
1075 1
1076 4
1077 20
1078 4
1079 3
1080 36
1081 5
1082 20
1083 50
1084 16
1085 8
1086 20
1087 3
1088 15
1089 2
1090 23
1091 33
1092 21
1093 9
1094 8
1095 10
1096 11
1097 17
1098 13
1099 8
1100 3
1101 2
1102 27
1103 2
1104 5
1105 4
1106 4
1107 1
1108 8
1109 29
1110 19
1111 10
1112 10
1113 1
1114 22
1115 14
1116 24
1117 17
1118 40
1119 24
1120 26
1121 13
1122 16
1123 5
1124 2
1125 28
1126 17
1127 17
1128 17
1129 11
1130 28
1131 13
1132 20
1133 8
1134 41
1135 14
1136 21
1137 19
1138 19
1139 8
1140 32
1141 1
1142 5
1143 24
1144 24
1145 21
1146 16
1147 1
1148 10
1149 8
1150 5
1151 3
1152 8
1153 23
1154 9
1155 32
1156 14
1157 28
1158 25
1159 2
1160 26
1161 2
1162 23
1163 18
1164 16
1165 34
1166 16
1167 8
1168 10
1169 10
1170 24
1171 16
1172 25
1173 2
1174 14
1175 29
1176 9
1177 12
1178 23
1179 4
1180 10
1181 15
1182 7
1183 20
1184 13
1185 30
1186 7
1187 19
1188 29
1189 11
1190 12
1191 4
1192 19
1193 31
1194 21
1195 14
1196 21
1197 11
1198 16
1199 2
1200 19
1201 4
1202 5
1203 14
1204 2
1205 7
1206 4
1207 12
1208 18
1209 24
1210 13
1211 26
1212 24
1213 3
1214 6
1215 15
1216 5
1217 11
1218 5
1219 3
1220 4
1221 9
1222 4
1223 46
1224 16
1225 19
1226 8
1227 17
1228 12
1229 16
1230 4
1231 38
1232 20
1233 27
1234 19
1235 20
1236 27
1237 25
1238 10
1239 19
1240 11
1241 13
1242 23
1243 18
1244 11
1245 15
1246 16
1247 7
1248 7
1249 22
1250 4
1251 4
1252 16
1253 26
1254 2
1255 8
1256 25
1257 32
1258 3
1259 14
1260 23
1261 30
1262 18
1263 17
1264 22
1265 24
1266 24
1267 30
1268 3
1269 7
1270 20
1271 7
1272 16
1273 1
1274 7
1275 25
1276 18
1277 16
1278 20
1279 12
1280 17
1281 2
1282 14
1283 11
1284 13
1285 19
1286 7
1287 14
1288 21
1289 27
1290 8
1291 16
1292 19
1293 7
1294 23
1295 32
1296 15
1297 5
1298 4
1299 13
1300 16
1301 1
1302 8
1303 6
1304 17
1305 10
1306 15
1307 17
1308 22
1309 20
1310 10
1311 12
1312 23
1313 4
1314 12
1315 12
1316 6
1317 1
1318 12
1319 7
1320 8
1321 11
1322 18
1323 11
1324 7
1325 12
1326 16
1327 23
1328 13
1329 19
1330 14
1331 10
1332 10
1333 5
1334 21
1335 6
1336 15
1337 11
1338 2
1339 21
1340 35
1341 15
1342 2
1343 11
1344 21
1345 1
1346 6
1347 8
1348 16
1349 1
1350 20
1351 25
1352 20
1353 7
1354 1
1355 3
1356 25
1357 18
1358 22
1359 20
1360 5
1361 24
1362 15
1363 19
1364 9
1365 29
1366 12
1367 18
1368 23
1369 21
1370 25
1371 1
1372 17
1373 5
1374 4
1375 10
1376 16
1377 29
1378 4
1379 15
1380 15
1381 30
1382 5
1383 17
1384 12
1385 9
1386 23
1387 14
1388 15
1389 24
1390 1
1391 19
1392 16
1393 16
1394 1
1395 26
1396 15
1397 4
1398 16
1399 7
1400 1
1401 20
1402 16
1403 15
1404 13
1405 3
1406 3
1407 12
1408 1
1409 13
1410 23
1411 8
1412 12
1413 8
1414 2
1415 20
1416 5
1417 4
1418 17
1419 16
1420 1
1421 5
1422 25
1423 21
1424 7
1425 6
1426 22
1427 7
1428 13
1429 11
1430 10
1431 22
1432 1
1433 37
1434 5
1435 4
1436 5
1437 17
1438 2
1439 6
1440 14
1441 25
1442 4
1443 10
1444 15
1445 23
1446 23
1447 5
1448 2
1449 12
1450 8
1451 12
1452 16
1453 13
1454 6
1455 8
1456 20
1457 3
1458 32
1459 18
1460 28
1461 19
1462 17
1463 23
1464 29
1465 3
1466 16
1467 9
1468 16
1469 16
1470 9
1471 3
1472 27
1473 22
1474 16
1475 10
1476 6
1477 22
1478 9
1479 21
1480 22
1481 9
1482 29
1483 5
1484 9
1485 27
1486 23
1487 20
1488 2
1489 27
1490 5
1491 22
1492 16
1493 8
1494 9
1495 1
1496 4
1497 8
1498 11
1499 17
1500 9
1501 16
1502 9
1503 25
1504 11
1505 5
1506 12
1507 7
1508 3
1509 13
1510 6
1511 14
1512 2
1513 16
1514 7
1515 2
1516 5
1517 1
1518 15
1519 14
1520 3
1521 13
1522 20
1523 16
1524 8
1525 15
1526 12
1527 11
1528 9
1529 12
1530 21
1531 13
1532 11
1533 27
1534 10
1535 33
1536 10
1537 19
1538 5
1539 11
1540 11
1541 5
1542 3
1543 15
1544 2
1545 31
1546 38
1547 5
1548 13
1549 4
1550 23
1551 24
1552 5
1553 13
1554 20
1555 9
1556 10
1557 13
1558 4
1559 22
1560 2
1561 16
1562 15
1563 22
1564 24
1565 20
1566 5
1567 16
1568 13
1569 13
1570 21
1571 6
1572 1
1573 14
1574 21
1575 19
1576 5
1577 2
1578 19
1579 29
1580 3
1581 14
1582 24
1583 26
1584 15
1585 4
1586 9
1587 7
1588 10
1589 6
1590 1
1591 15
1592 3
1593 7
1594 19
1595 2
1596 10
1597 18
1598 7
1599 15
1600 22
1601 14
1602 8
1603 19
1604 7
1605 1
1606 16
1607 14
1608 20
1609 18
1610 7
1611 11
1612 15
1613 16
1614 14
1615 6
1616 4
1617 8
1618 20
1619 12
1620 10
1621 5
1622 11
1623 22
1624 1
1625 23
1626 21
1627 11
1628 16
1629 14
1630 17
1631 18
1632 31
1633 6
1634 27
1635 6
1636 13
1637 11
1638 27
1639 4
1640 21
1641 23
1642 28
1643 4
1644 11
1645 2
1646 12
1647 22
1648 15
1649 9
1650 21
1651 3
1652 1
1653 7
1654 7
1655 17
1656 8
1657 17
1658 4
1659 5
1660 4
1661 15
1662 9
1663 13
1664 5
1665 23
1666 8
1667 16
1668 20
1669 16
1670 16
1671 10
1672 25
1673 3
1674 16
1675 1
1676 20
1677 11
1678 4
1679 20
1680 8
1681 22
1682 4
1683 18
1684 9
1685 10
1686 8
1687 4
1688 10
1689 10
1690 14
1691 19
1692 16
1693 6
1694 28
1695 25
1696 23
1697 15
1698 7
1699 17
1700 25
1701 5
1702 25
1703 12
1704 12
1705 17
1706 1
1707 7
1708 11
1709 19
1710 25
1711 12
1712 23
1713 1
1714 14
1715 10
1716 7
1717 7
1718 7
1719 2
1720 18
1721 7
1722 24
1723 19
1724 4
1725 6
1726 5
1727 15
1728 12
1729 20
1730 12
1731 17
1732 18
1733 27
1734 17
1735 4
1736 9
1737 13
1738 13
1739 13
1740 18
1741 16
1742 21
1743 13
1744 20
1745 13
1746 4
1747 5
1748 16
1749 8
1750 13
1751 35
1752 12
1753 7
1754 5
1755 6
1756 16
1757 2
1758 14
1759 3
1760 33
1761 21
1762 9
1763 15
1764 15
1765 17
1766 21
1767 12
1768 14
1769 15
1770 9
1771 3
1772 31
1773 14
1774 10
1775 1
1776 9
1777 15
1778 2
1779 21
1780 4
1781 2
1782 13
1783 9
1784 16
1785 12
1786 12
1787 17
1788 19
1789 20
1790 12
1791 1
1792 9
1793 14
1794 15
1795 16
1796 16
1797 12
1798 19
1799 22
1800 18
1801 7
1802 9
1803 23
1804 16
1805 17
1806 11
1807 21
1808 3
1809 21
1810 24
1811 4
1812 22
1813 26
1814 19
1815 4
1816 3
1817 15
1818 6
1819 21
1820 20
1821 1
1822 10
1823 10
1824 19
1825 11
1826 11
1827 4
1828 2
1829 8
1830 25
1831 11
1832 1
1833 2
1834 21
1835 18
1836 6
1837 10
1838 13
1839 15
1840 4
1841 12
1842 9
1843 8
1844 5
1845 21
1846 9
1847 7
1848 7
1849 6
1850 27
1851 14
1852 12
1853 17
1854 21
1855 3
1856 20
1857 23
1858 14
1859 18
1860 18
1861 6
1862 5
1863 6
1864 26
1865 22
1866 18
1867 1
1868 4
1869 8
1870 16
1871 17
1872 1
1873 7
1874 3
1875 18
1876 17
1877 2
1878 17
1879 11
1880 17
1881 11
1882 9
1883 8
1884 22
1885 9
1886 2
1887 8
1888 27
1889 5
1890 11
1891 25
1892 5
1893 13
1894 2
1895 9
1896 16
1897 4
1898 8
1899 10
1900 7
1901 20
1902 8
1903 2
1904 17
1905 5
1906 17
1907 18
1908 6
1909 1
1910 5
1911 15
1912 13
1913 4
1914 7
1915 26
1916 6
1917 20
1918 5
1919 19
1920 9
1921 14
1922 17
1923 4
1924 8
1925 7
1926 8
1927 3
1928 8
1929 8
1930 13
1931 9
1932 2
1933 16
1934 8
1935 15
1936 24
1937 6
1938 22
1939 7
1940 12
1941 1
1942 13
1943 9
1944 7
1945 10
1946 17
1947 9
1948 6
1949 6
1950 6
1951 8
1952 11
1953 10
1954 26
1955 5
1956 9
1957 27
1958 18
1959 10
1960 11
1961 12
1962 1
1963 18
1964 13
1965 27
1966 5
1967 3
1968 26
1969 8
1970 14
1971 5
1972 19
1973 2
1974 9
1975 15
1976 6
1977 14
1978 13
1979 1
1980 11
1981 7
1982 4
1983 5
1984 9
1985 13
1986 9
1987 17
1988 2
1989 4
1990 3
1991 24
1992 16
1993 11
1994 18
1995 18
1996 25
1997 6
1998 5
1999 9
2000 12
2001 15
2002 9
2003 5
2004 7
2005 8
2006 4
2007 8
2008 24
2009 16
2010 16
2011 7
2012 16
2013 13
2014 14
2015 29
2016 7
2017 7
2018 2
2019 5
2020 2
2021 28
2022 6
2023 5
2024 1
2025 27
2026 22
2027 13
2028 21
2029 14
2030 4
2031 11
2032 15
2033 19
2034 6
2035 6
2036 7
2037 9
2038 15
2039 2
2040 3
2041 5
2042 9
2043 14
2044 28
2045 12
2046 2
2047 15
2048 9
2049 24
2050 11
2051 18
2052 15
2053 3
2054 11
2055 9
2056 14
2057 18
2058 4
2059 27
2060 6
2061 1
2062 23
2063 2
2064 19
2065 3
2066 11
2067 6
2068 40
2069 5
2070 22
2071 9
2072 18
2073 23
2074 2
2075 8
2076 6
2077 1
2078 5
2079 15
2080 15
2081 10
2082 31
2083 4
2084 21
2085 13
2086 4
2087 18
2088 6
2089 18
2090 4
2091 21
2092 36
2093 23
2094 4
2095 14
2096 11
2097 13
2098 21
2099 8
2100 9
2101 15
2102 4
2103 11
2104 19
2105 2
2106 22
2107 7
2108 3
2109 7
2110 5
2111 15
2112 2
2113 12
2114 4
2115 11
2116 25
2117 21
2118 8
2119 11
2120 19
2121 11
2122 14
2123 2
2124 16
2125 1
2126 6
2127 7
2128 3
2129 18
2130 19
2131 12
2132 6
2133 7
2134 2
2135 10
2136 1
2137 1
2138 20
2139 12
2140 17
2141 4
2142 14
2143 12
2144 16
2145 9
2146 13
2147 18
2148 14
2149 16
2150 9
2151 23
2152 9
2153 9
2154 22
2155 25
2156 17
2157 28
2158 7
2159 15
2160 1
2161 2
2162 10
2163 22
2164 7
2165 1
2166 12
2167 7
2168 3
2169 10
2170 3
2171 1
2172 15
2173 13
2174 5
2175 8
2176 5
2177 2
2178 2
2179 7
2180 22
2181 4
2182 18
2183 18
2184 18
2185 19
2186 15
2187 26
2188 5
2189 12
2190 7
2191 12
2192 11
2193 3
2194 10
2195 12
2196 12
2197 13
2198 11
2199 27
2200 7
2201 14
2202 13
2203 9
2204 17
2205 1
2206 28
2207 7
2208 10
2209 26
2210 2
2211 28
2212 3
2213 3
2214 12
2215 3
2216 8
2217 2
2218 15
2219 11
2220 2
2221 25
2222 1
2223 15
2224 10
2225 4
2226 1
2227 10
2228 3
2229 17
2230 6
2231 6
2232 1
2233 20
2234 26
2235 15
2236 16
2237 9
2238 11
2239 16
2240 2
2241 1
2242 20
2243 14
2244 5
2245 14
2246 2
2247 13
2248 6
2249 19
2250 25
2251 9
2252 17
2253 8
2254 10
2255 3
2256 16
2257 16
2258 2
2259 15
2260 10
2261 1
2262 16
2263 2
2264 24
2265 6
2266 15
2267 16
2268 6
2269 3
2270 6
2271 7
2272 24
2273 3
2274 22
2275 2
2276 1
2277 1
2278 13
2279 5
2280 6
2281 14
2282 4
2283 6
2284 20
2285 19
2286 5
2287 11
2288 19
2289 3
2290 13
2291 10
2292 5
2293 17
2294 4
2295 21
2296 8
2297 10
2298 3
2299 13
2300 14
2301 16
2302 3
2303 14
2304 7
2305 1
2306 16
2307 19
2308 8
2309 7
2310 6
2311 8
2312 23
2313 8
2314 8
2315 8
2316 13
2317 23
2318 1
2319 22
2320 9
2321 22
2322 12
2323 6
2324 4
2325 30
2326 2
2327 21
2328 6
2329 19
2330 11
2331 3
2332 13
2333 4
2334 10
2335 5
2336 15
2337 22
2338 13
2339 2
2340 7
2341 14
2342 25
2343 16
2344 4
2345 13
2346 3
2347 15
2348 21
2349 14
2350 4
2351 12
2352 20
2353 9
2354 10
2355 8
2356 14
2357 25
2358 8
2359 19
2360 22
2361 14
2362 20
2363 15
2364 16
2365 9
2366 10
2367 10
2368 15
2369 7
2370 6
2371 21
2372 15
2373 3
2374 6
2375 10
2376 8
2377 13
2378 10
2379 24
2380 25
2381 10
2382 1
2383 18
2384 3
2385 4
2386 3
2387 6
2388 16
2389 26
2390 3
2391 15
2392 5
2393 12
2394 4
2395 14
2396 10
2397 10
2398 7
2399 15
2400 9
2401 10
2402 8
2403 19
2404 3
2405 21
2406 1
2407 9
2408 23
2409 8
2410 3
2411 7
2412 13
2413 5
2414 11
2415 8
2416 4
2417 4
2418 12
2419 15
2420 18
2421 13
2422 14
2423 20
2424 9
2425 12
2426 8
2427 12
2428 3
2429 5
2430 18
2431 9
2432 20
2433 3
2434 14
2435 3
2436 11
2437 2
2438 3
2439 6
2440 17
2441 1
2442 5
2443 11
2444 11
2445 10
2446 11
2447 13
2448 11
2449 23
2450 16
2451 1
2452 10
2453 20
2454 18
2455 11
2456 17
2457 9
2458 7
2459 5
2460 7
2461 16
2462 13
2463 5
2464 7
2465 5
2466 8
2467 7
2468 18
2469 8
2470 5
2471 6
2472 26
2473 13
2474 8
2475 7
2476 14
2477 3
2478 19
2479 8
2480 9
2481 18
2482 19
2483 19
2484 15
2485 18
2486 8
2487 9
2488 12
2489 20
2490 8
2491 10
2492 9
2493 7
2494 6
2495 17
2496 3
2497 15
2498 13
2499 22
2500 15
2501 20
2502 3
2503 1
2504 10
2505 15
2506 5
2507 8
2508 4
2509 16
2510 23
2511 12
2512 13
2513 4
2514 14
2515 16
2516 7
2517 20
2518 10
2519 7
2520 11
2521 3
2522 10
2523 5
2524 18
2525 19
2526 10
2527 2
2528 17
2529 7
2530 10
2531 14
2532 3
2533 16
2534 4
2535 13
2536 1
2537 4
2538 9
2539 9
2540 1
2541 7
2542 4
2543 9
2544 19
2545 15
2546 3
2547 10
2548 6
2549 19
2550 8
2551 1
2552 2
2553 2
2554 6
2555 3
2556 18
2557 13
2558 2
2559 20
2560 8
2561 14
2562 1
2563 19
2564 19
2565 6
2566 8
2567 3
2568 6
2569 3
2570 8
2571 13
2572 6
2573 27
2574 22
2575 3
2576 4
2577 1
2578 10
2579 11
2580 3
2581 6
2582 5
2583 4
2584 2
2585 8
2586 4
2587 6
2588 12
2589 13
2590 16
2591 1
2592 6
2593 8
2594 3
2595 4
2596 3
2597 5
2598 6
2599 6
2600 14
2601 1
2602 18
2603 13
2604 15
2605 7
2606 9
2607 8
2608 7
2609 2
2610 14
2611 17
2612 4
2613 2
2614 4
2615 13
2616 9
2617 17
2618 8
2619 17
2620 6
2621 18
2622 14
2623 8
2624 20
2625 11
2626 17
2627 11
2628 16
2629 3
2630 8
2631 16
2632 6
2633 11
2634 15
2635 11
2636 7
2637 1
2638 4
2639 11
2640 8
2641 7
2642 18
2643 4
2644 5
2645 1
2646 15
2647 13
2648 14
2649 13
2650 26
2651 9
2652 8
2653 21
2654 8
2655 28
2656 16
2657 3
2658 3
2659 9
2660 14
2661 1
2662 6
2663 12
2664 3
2665 4
2666 6
2667 12
2668 4
2669 8
2670 8
2671 8
2672 10
2673 11
2674 26
2675 17
2676 4
2677 16
2678 1
2679 1
2680 8
2681 1
2682 4
2683 1
2684 8
2685 17
2686 4
2687 7
2688 20
2689 14
2690 3
2691 15
2692 9
2693 10
2694 2
2695 1
2696 13
2697 5
2698 12
2699 2
2700 14
2701 11
2702 5
2703 17
2704 13
2705 14
2706 7
2707 8
2708 13
2709 17
2710 1
2711 11
2712 9
2713 3
2714 11
2715 4
2716 13
2717 1
2718 3
2719 4
2720 8
2721 17
2722 19
2723 3
2724 18
2725 1
2726 10
2727 15
2728 11
2729 14
2730 8
2731 15
2732 4
2733 7
2734 1
2735 16
2736 5
2737 10
2738 4
2739 6
2740 8
2741 8
2742 7
2743 6
2744 11
2745 10
2746 13
2747 13
2748 13
2749 9
2750 7
2751 10
2752 26
2753 1
2754 3
2755 10
2756 5
2757 7
2758 5
2759 19
2760 19
2761 20
2762 15
2763 15
2764 16
2765 21
2766 12
2767 17
2768 2
2769 1
2770 6
2771 12
2772 9
2773 14
2774 4
2775 27
2776 14
2777 9
2778 14
2779 12
2780 9
2781 4
2782 10
2783 19
2784 11
2785 5
2786 8
2787 14
2788 5
2789 8
2790 11
2791 12
2792 15
2793 14
2794 11
2795 5
2796 5
2797 13
2798 11
2799 11
2800 17
2801 8
2802 18
2803 23
2804 1
2805 9
2806 11
2807 5
2808 17
2809 9
2810 15
2811 11
2812 6
2813 7
2814 16
2815 2
2816 20
2817 7
2818 6
2819 4
2820 2
2821 19
2822 2
2823 2
2824 15
2825 20
2826 5
2827 18
2828 20
2829 18
2830 5
2831 13
2832 18
2833 8
2834 4
2835 14
2836 17
2837 18
2838 23
2839 14
2840 21
2841 4
2842 8
2843 14
2844 11
2845 21
2846 3
2847 5
2848 6
2849 2
2850 7
2851 2
2852 9
2853 16
2854 4
2855 1
2856 2
2857 2
2858 11
2859 6
2860 1
2861 15
2862 6
2863 3
2864 19
2865 5
2866 4
2867 12
2868 10
2869 16
2870 10
2871 14
2872 3
2873 18
2874 6
2875 10
2876 12
2877 10
2878 5
2879 10
2880 11
2881 19
2882 11
2883 16
2884 1
2885 8
2886 2
2887 19
2888 3
2889 10
2890 2
2891 2
2892 5
2893 17
2894 13
2895 16
2896 14
2897 8
2898 15
2899 20
2900 16
2901 7
2902 4
2903 7
2904 9
2905 9
2906 15
2907 13
2908 7
2909 6
2910 1
2911 13
2912 5
2913 7
2914 5
2915 12
2916 5
2917 2
2918 8
2919 22
2920 3
2921 7
2922 9
2923 7
2924 2
2925 5
2926 21
2927 5
2928 8
2929 7
2930 12
2931 17
2932 9
2933 1
2934 9
2935 2
2936 13
2937 22
2938 15
2939 1
2940 8
2941 18
2942 13
2943 13
2944 7
2945 17
2946 13
2947 10
2948 14
2949 1
2950 6
2951 6
2952 7
2953 2
2954 10
2955 7
2956 5
2957 1
2958 21
2959 9
2960 3
2961 16
2962 10
2963 4
2964 8
2965 1
2966 9
2967 10
2968 20
2969 15
2970 6
2971 8
2972 7
2973 7
2974 14
2975 13
2976 6
2977 16
2978 9
2979 12
2980 2
2981 2
2982 12
2983 5
2984 5
2985 5
2986 8
2987 6
2988 1
2989 1
2990 5
2991 16
2992 20
2993 2
2994 3
2995 1
2996 20
2997 3
2998 5
2999 3
3000 3
3001 14
3002 10
3003 2
3004 4
3005 6
3006 15
3007 9
3008 16
3009 9
3010 16
3011 2
3012 12
3013 18
3014 10
3015 9
3016 13
3017 8
3018 16
3019 8
3020 5
3021 9
3022 2
3023 9
3024 12
3025 15
3026 12
3027 14
3028 10
3029 18
3030 11
3031 9
3032 10
3033 8
3034 3
3035 1
3036 1
3037 9
3038 14
3039 12
3040 8
3041 3
3042 10
3043 7
3044 4
3045 12
3046 4
3047 4
3048 8
3049 2
3050 7
3051 18
3052 17
3053 12
3054 3
3055 23
3056 9
3057 2
3058 11
3059 8
3060 13
3061 17
3062 16
3063 5
3064 15
3065 6
3066 17
3067 8
3068 9
3069 2
3070 13
3071 27
3072 26
3073 6
3074 6
3075 13
3076 1
3077 19
3078 1
3079 14
3080 11
3081 1
3082 18
3083 5
3084 8
3085 7
3086 8
3087 2
3088 2
3089 13
3090 7
3091 24
3092 7
3093 3
3094 12
3095 12
3096 12
3097 6
3098 4
3099 20
3100 13
3101 10
3102 3
3103 17
3104 6
3105 15
3106 20
3107 25
3108 2
3109 9
3110 6
3111 3
3112 8
3113 18
3114 11
3115 15
3116 2
3117 8
3118 12
3119 5
3120 14
3121 11
3122 20
3123 6
3124 18
3125 4
3126 12
3127 10
3128 6
3129 5
3130 10
3131 1
3132 13
3133 7
3134 1
3135 3
3136 5
3137 11
3138 3
3139 11
3140 5
3141 11
3142 9
3143 17
3144 14
3145 10
3146 12
3147 2
3148 7
3149 3
3150 13
3151 8
3152 15
3153 4
3154 13
3155 7
3156 16
3157 1
3158 9
3159 20
3160 2
3161 5
3162 15
3163 1
3164 10
3165 15
3166 13
3167 4
3168 13
3169 21
3170 12
3171 3
3172 12
3173 3
3174 9
3175 11
3176 12
3177 7
3178 1
3179 6
3180 4
3181 8
3182 13
3183 10
3184 14
3185 11
3186 8
3187 11
3188 9
3189 4
3190 6
3191 8
3192 15
3193 5
3194 14
3195 11
3196 5
3197 17
3198 7
3199 11
3200 11
3201 5
3202 4
3203 19
3204 10
3205 9
3206 21
3207 9
3208 5
3209 5
3210 17
3211 13
3212 15
3213 22
3214 9
3215 1
3216 5
3217 5
3218 3
3219 10
3220 11
3221 10
3222 11
3223 12
3224 10
3225 14
3226 3
3227 15
3228 13
3229 5
3230 11
3231 14
3232 22
3233 7
3234 13
3235 10
3236 8
3237 6
3238 12
3239 3
3240 10
3241 13
3242 6
3243 5
3244 17
3245 8
3246 1
3247 11
3248 21
3249 12
3250 15
3251 16
3252 14
3253 5
3254 10
3255 6
3256 7
3257 16
3258 11
3259 8
3260 11
3261 17
3262 2
3263 16
3264 6
3265 8
3266 1
3267 12
3268 17
3269 16
3270 13
3271 16
3272 15
3273 13
3274 7
3275 2
3276 6
3277 12
3278 3
3279 1
3280 8
3281 5
3282 5
3283 11
3284 8
3285 12
3286 4
3287 5
3288 8
3289 3
3290 16
3291 15
3292 9
3293 2
3294 5
3295 2
3296 17
3297 8
3298 1
3299 1
3300 3
3301 7
3302 10
3303 9
3304 8
3305 17
3306 11
3307 8
3308 12
3309 10
3310 10
3311 7
3312 4
3313 11
3314 8
3315 5
3316 2
3317 9
3318 15
3319 12
3320 11
3321 6
3322 4
3323 14
3324 7
3325 10
3326 13
3327 9
3328 1
3329 6
3330 1
3331 14
3332 19
3333 10
3334 17
3335 6
3336 12
3337 13
3338 15
3339 13
3340 7
3341 1
3342 12
3343 12
3344 3
3345 5
3346 13
3347 5
3348 2
3349 7
3350 15
3351 18
3352 6
3353 2
3354 6
3355 3
3356 9
3357 12
3358 4
3359 21
3360 11
3361 8
3362 16
3363 6
3364 5
3365 8
3366 4
3367 6
3368 8
3369 8
3370 3
3371 6
3372 8
3373 10
3374 8
3375 1
3376 13
3377 1
3378 1
3379 8
3380 2
3381 3
3382 13
3383 15
3384 15
3385 14
3386 15
3387 18
3388 12
3389 3
3390 5
3391 10
3392 2
3393 12
3394 13
3395 3
3396 12
3397 9
3398 8
3399 8
3400 3
3401 1
3402 11
3403 3
3404 5
3405 20
3406 16
3407 5
3408 1
3409 13
3410 9
3411 14
3412 6
3413 11
3414 19
3415 18
3416 6
3417 6
3418 4
3419 7
3420 17
3421 17
3422 4
3423 6
3424 14
3425 12
3426 12
3427 20
3428 8
3429 7
3430 12
3431 16
3432 3
3433 5
3434 16
3435 3
3436 10
3437 3
3438 5
3439 12
3440 8
3441 7
3442 6
3443 3
3444 16
3445 10
3446 16
3447 6
3448 1
3449 2
3450 13
3451 12
3452 13
3453 16
3454 12
3455 16
3456 1
3457 9
3458 3
3459 3
3460 14
3461 4
3462 1
3463 15
3464 5
3465 14
3466 3
3467 1
3468 6
3469 16
3470 4
3471 20
3472 13
3473 8
3474 12
3475 14
3476 7
3477 11
3478 11
3479 10
3480 1
3481 7
3482 3
3483 3
3484 17
3485 5
3486 5
3487 14
3488 7
3489 20
3490 5
3491 15
3492 19
3493 1
3494 8
3495 1
3496 1
3497 7
3498 1
3499 18
3500 9
3501 2
3502 18
3503 6
3504 5
3505 12
3506 1
3507 10
3508 4
3509 11
3510 2
3511 6
3512 10
3513 9
3514 9
3515 6
3516 3
3517 14
3518 9
3519 6
3520 2
3521 4
3522 16
3523 1
3524 23
3525 19
3526 9
3527 9
3528 18
3529 1
3530 9
3531 11
3532 11
3533 8
3534 5
3535 13
3536 4
3537 18
3538 4
3539 1
3540 13
3541 8
3542 12
3543 2
3544 20
3545 6
3546 2
3547 16
3548 8
3549 13
3550 8
3551 8
3552 2
3553 2
3554 3
3555 15
3556 16
3557 8
3558 14
3559 4
3560 6
3561 11
3562 7
3563 11
3564 10
3565 12
3566 11
3567 10
3568 6
3569 4
3570 6
3571 9
3572 16
3573 13
3574 9
3575 8
3576 14
3577 4
3578 8
3579 14
3580 2
3581 12
3582 3
3583 1
3584 11
3585 1
3586 19
3587 2
3588 3
3589 8
3590 7
3591 12
3592 1
3593 13
3594 16
3595 15
3596 5
3597 5
3598 9
3599 5
3600 2
3601 10
3602 12
3603 11
3604 3
3605 7
3606 18
3607 19
3608 4
3609 8
3610 10
3611 5
3612 17
3613 11
3614 6
3615 3
3616 5
3617 20
3618 4
3619 13
3620 5
3621 13
3622 4
3623 11
3624 12
3625 11
3626 2
3627 10
3628 14
3629 19
3630 21
3631 7
3632 6
3633 7
3634 5
3635 10
3636 5
3637 14
3638 17
3639 4
3640 10
3641 12
3642 10
3643 16
3644 11
3645 4
3646 13
3647 3
3648 13
3649 6
3650 9
3651 12
3652 10
3653 14
3654 4
3655 6
3656 14
3657 4
3658 11
3659 2
3660 9
3661 2
3662 7
3663 20
3664 4
3665 12
3666 15
3667 11
3668 13
3669 12
3670 4
3671 8
3672 3
3673 4
3674 12
3675 1
3676 1
3677 2
3678 10
3679 8
3680 6
3681 4
3682 17
3683 10
3684 7
3685 1
3686 1
3687 16
3688 12
3689 9
3690 1
3691 6
3692 15
3693 7
3694 13
3695 13
3696 2
3697 6
3698 1
3699 4
3700 2
3701 18
3702 13
3703 8
3704 6
3705 9
3706 10
3707 8
3708 1
3709 7
3710 10
3711 12
3712 2
3713 7
3714 5
3715 6
3716 5
3717 7
3718 16
3719 12
3720 6
3721 2
3722 5
3723 12
3724 12
3725 10
3726 11
3727 18
3728 9
3729 2
3730 3
3731 11
3732 6
3733 4
3734 12
3735 8
3736 1
3737 2
3738 8
3739 7
3740 5
3741 6
3742 7
3743 14
3744 8
3745 16
3746 5
3747 13
3748 7
3749 3
3750 1
3751 8
3752 4
3753 13
3754 12
3755 4
3756 8
3757 8
3758 7
3759 2
3760 4
3761 9
3762 17
3763 14
3764 5
3765 3
3766 9
3767 14
3768 3
3769 10
3770 12
3771 10
3772 6
3773 15
3774 9
3775 12
3776 9
3777 3
3778 2
3779 1
3780 8
3781 15
3782 10
3783 18
3784 4
3785 11
3786 10
3787 13
3788 4
3789 4
3790 16
3791 13
3792 4
3793 13
3794 6
3795 13
3796 4
3797 11
3798 7
3799 12
3800 9
3801 11
3802 2
3803 11
3804 12
3805 10
3806 15
3807 9
3808 5
3809 9
3810 1
3811 18
3812 12
3813 7
3814 4
3815 6
3816 23
3817 15
3818 7
3819 12
3820 14
3821 9
3822 2
3823 10
3824 7
3825 9
3826 6
3827 5
3828 19
3829 8
3830 11
3831 3
3832 2
3833 10
3834 3
3835 14
3836 10
3837 4
3838 8
3839 14
3840 9
3841 18
3842 4
3843 16
3844 10
3845 8
3846 5
3847 12
3848 7
3849 7
3850 12
3851 5
3852 7
3853 4
3854 11
3855 18
3856 19
3857 7
3858 8
3859 5
3860 1
3861 8
3862 11
3863 15
3864 4
3865 14
3866 13
3867 11
3868 11
3869 1
3870 12
3871 4
3872 9
3873 10
3874 5
3875 12
3876 11
3877 5
3878 8
3879 9
3880 12
3881 16
3882 11
3883 4
3884 13
3885 9
3886 6
3887 4
3888 8
3889 3
3890 8
3891 13
3892 7
3893 5
3894 10
3895 10
3896 15
3897 1
3898 2
3899 14
3900 3
3901 14
3902 1
3903 3
3904 8
3905 22
3906 15
3907 5
3908 8
3909 18
3910 5
3911 5
3912 9
3913 12
3914 8
3915 2
3916 5
3917 21
3918 7
3919 6
3920 11
3921 5
3922 11
3923 10
3924 10
3925 7
3926 17
3927 13
3928 2
3929 4
3930 1
3931 2
3932 12
3933 1
3934 14
3935 5
3936 2
3937 8
3938 11
3939 9
3940 13
3941 4
3942 9
3943 1
3944 7
3945 6
3946 15
3947 9
3948 18
3949 11
3950 5
3951 10
3952 9
3953 3
3954 9
3955 18
3956 10
3957 1
3958 1
3959 15
3960 5
3961 14
3962 3
3963 1
3964 20
3965 5
3966 6
3967 14
3968 4
3969 13
3970 14
3971 9
3972 11
3973 7
3974 15
3975 14
3976 2
3977 6
3978 8
3979 17
3980 13
3981 2
3982 6
3983 12
3984 7
3985 2
3986 2
3987 21
3988 13
3989 13
3990 16
3991 19
3992 19
3993 3
3994 14
3995 7
3996 12
3997 13
3998 7
3999 12
4000 10
4001 12
4002 9
4003 14
4004 11
4005 12
4006 4
4007 9
4008 6
4009 11
4010 14
4011 10
4012 18
4013 14
4014 18
4015 14
4016 12
4017 11
4018 20
4019 6
4020 9
4021 14
4022 7
4023 4
4024 1
4025 15
4026 6
4027 12
4028 10
4029 7
4030 4
4031 1
4032 8
4033 6
4034 3
4035 7
4036 3
4037 3
4038 11
4039 5
4040 3
4041 7
4042 3
4043 18
4044 11
4045 4
4046 11
4047 15
4048 8
4049 1
4050 18
4051 6
4052 3
4053 9
4054 5
4055 6
4056 8
4057 11
4058 12
4059 6
4060 13
4061 1
4062 2
4063 7
4064 8
4065 5
4066 18
4067 4
4068 4
4069 12
4070 11
4071 16
4072 12
4073 4
4074 5
4075 2
4076 6
4077 12
4078 13
4079 5
4080 5
4081 3
4082 12
4083 12
4084 9
4085 8
4086 9
4087 3
4088 5
4089 2
4090 6
4091 12
4092 14
4093 7
4094 2
4095 12
4096 7
4097 5
4098 1
4099 11
4100 11
4101 3
4102 2
4103 7
4104 3
4105 9
4106 13
4107 11
4108 11
4109 16
4110 3
4111 5
4112 4
4113 10
4114 8
4115 8
4116 8
4117 10
4118 11
4119 10
4120 2
4121 3
4122 6
4123 11
4124 3
4125 7
4126 10
4127 15
4128 13
4129 5
4130 10
4131 2
4132 3
4133 15
4134 16
4135 1
4136 10
4137 11
4138 14
4139 9
4140 11
4141 6
4142 10
4143 14
4144 2
4145 5
4146 4
4147 6
4148 7
4149 16
4150 4
4151 7
4152 3
4153 15
4154 12
4155 6
4156 10
4157 10
4158 15
4159 8
4160 3
4161 17
4162 11
4163 8
4164 8
4165 1
4166 4
4167 11
4168 13
4169 16
4170 1
4171 11
4172 13
4173 5
4174 12
4175 16
4176 6
4177 1
4178 7
4179 1
4180 6
4181 17
4182 4
4183 3
4184 12
4185 11
4186 8
4187 4
4188 8
4189 4
4190 10
4191 11
4192 11
4193 10
4194 8
4195 10
4196 9
4197 20
4198 7
4199 14
4200 13
4201 4
4202 14
4203 13
4204 13
4205 8
4206 3
4207 9
4208 9
4209 9
4210 5
4211 1
4212 13
4213 2
4214 5
4215 10
4216 13
4217 13
4218 3
4219 11
4220 3
4221 5
4222 7
4223 5
4224 4
4225 8
4226 2
4227 13
4228 1
4229 18
4230 11
4231 12
4232 16
4233 5
4234 8
4235 11
4236 13
4237 6
4238 5
4239 1
4240 1
4241 13
4242 1
4243 3
4244 9
4245 5
4246 7
4247 3
4248 5
4249 11
4250 7
4251 17
4252 5
4253 9
4254 10
4255 3
4256 5
4257 13
4258 13
4259 10
4260 4
4261 6
4262 9
4263 12
4264 10
4265 12
4266 9
4267 2
4268 10
4269 4
4270 5
4271 12
4272 13
4273 1
4274 11
4275 13
4276 6
4277 3
4278 2
4279 3
4280 9
4281 12
4282 14
4283 12
4284 7
4285 17
4286 2
4287 16
4288 2
4289 10
4290 1
4291 10
4292 3
4293 7
4294 16
4295 5
4296 4
4297 15
4298 7
4299 4
4300 10
4301 13
4302 10
4303 7
4304 13
4305 7
4306 13
4307 8
4308 8
4309 14
4310 2
4311 12
4312 15
4313 6
4314 8
4315 2
4316 5
4317 9
4318 4
4319 12
4320 9
4321 11
4322 4
4323 5
4324 9
4325 5
4326 13
4327 4
4328 15
4329 15
4330 10
4331 11
4332 1
4333 10
4334 12
4335 12
4336 5
4337 6
4338 12
4339 14
4340 17
4341 5
4342 5
4343 8
4344 17
4345 6
4346 2
4347 10
4348 10
4349 13
4350 13
4351 10
4352 10
4353 8
4354 11
4355 10
4356 9
4357 2
4358 10
4359 2
4360 6
4361 5
4362 16
4363 5
4364 1
4365 7
4366 9
4367 4
4368 7
4369 4
4370 10
4371 7
4372 1
4373 12
4374 17
4375 9
4376 9
4377 7
4378 12
4379 6
4380 2
4381 12
4382 13
4383 2
4384 4
4385 18
4386 19
4387 10
4388 12
4389 8
4390 12
4391 12
4392 9
4393 3
4394 15
4395 17
4396 7
4397 9
4398 9
4399 4
4400 9
4401 4
4402 11
4403 9
4404 4
4405 1
4406 9
4407 6
4408 2
4409 4
4410 11
4411 9
4412 18
4413 5
4414 3
4415 12
4416 1
4417 15
4418 2
4419 2
4420 8
4421 7
4422 1
4423 14
4424 6
4425 1
4426 13
4427 11
4428 7
4429 11
4430 2
4431 6
4432 7
4433 11
4434 11
4435 11
4436 19
4437 6
4438 6
4439 18
4440 5
4441 12
4442 14
4443 13
4444 11
4445 2
4446 9
4447 12
4448 15
4449 3
4450 2
4451 5
4452 7
4453 13
4454 12
4455 3
4456 3
4457 14
4458 14
4459 4
4460 7
4461 7
4462 8
4463 4
4464 3
4465 6
4466 9
4467 3
4468 7
4469 9
4470 16
4471 8
4472 5
4473 1
4474 1
4475 13
4476 9
4477 9
4478 3
4479 7
4480 3
4481 8
4482 15
4483 2
4484 9
4485 5
4486 6
4487 11
4488 9
4489 9
4490 7
4491 3
4492 13
4493 17
4494 8
4495 7
4496 9
4497 10
4498 9
4499 13
4500 4
4501 11
4502 5
4503 16
4504 14
4505 11
4506 8
4507 1
4508 10
4509 1
4510 9
4511 11
4512 16
4513 3
4514 8
4515 13
4516 18
4517 4
4518 6
4519 5
4520 5
4521 11
4522 3
4523 7
4524 5
4525 2
4526 4
4527 8
4528 3
4529 5
4530 5
4531 6
4532 1
4533 13
4534 15
4535 9
4536 12
4537 5
4538 7
4539 7
4540 2
4541 2
4542 1
4543 11
4544 7
4545 4
4546 5
4547 2
4548 14
4549 13
4550 2
4551 17
4552 13
4553 15
4554 9
4555 5
4556 15
4557 11
4558 7
4559 6
4560 11
4561 2
4562 10
4563 13
4564 10
4565 2
4566 7
4567 3
4568 10
4569 15
4570 16
4571 5
4572 1
4573 6
4574 6
4575 9
4576 15
4577 10
4578 4
4579 3
4580 1
4581 1
4582 12
4583 11
4584 16
4585 7
4586 8
4587 1
4588 3
4589 13
4590 8
4591 4
4592 13
4593 2
4594 1
4595 2
4596 2
4597 1
4598 16
4599 8
4600 1
4601 12
4602 13
4603 8
4604 5
4605 10
4606 9
4607 16
4608 4
4609 14
4610 3
4611 3
4612 9
4613 3
4614 5
4615 15
4616 2
4617 15
4618 3
4619 6
4620 7
4621 1
4622 7
4623 3
4624 10
4625 4
4626 4
4627 9
4628 17
4629 11
4630 4
4631 6
4632 4
4633 12
4634 3
4635 10
4636 5
4637 1
4638 17
4639 14
4640 4
4641 6
4642 9
4643 1
4644 4
4645 16
4646 2
4647 14
4648 9
4649 7
4650 7
4651 7
4652 6
4653 4
4654 8
4655 2
4656 7
4657 10
4658 2
4659 12
4660 2
4661 1
4662 3
4663 1
4664 6
4665 8
4666 12
4667 7
4668 2
4669 4
4670 21
4671 7
4672 7
4673 13
4674 11
4675 8
4676 10
4677 11
4678 6
4679 3
4680 5
4681 8
4682 4
4683 12
4684 11
4685 2
4686 8
4687 15
4688 16
4689 7
4690 8
4691 14
4692 4
4693 5
4694 12
4695 13
4696 1
4697 1
4698 7
4699 19
4700 15
4701 12
4702 2
4703 13
4704 10
4705 9
4706 3
4707 9
4708 8
4709 6
4710 12
4711 9
4712 8
4713 9
4714 13
4715 3
4716 3
4717 7
4718 1
4719 11
4720 5
4721 4
4722 7
4723 7
4724 7
4725 11
4726 9
4727 5
4728 10
4729 12
4730 12
4731 10
4732 13
4733 7
4734 4
4735 10
4736 11
4737 1
4738 12
4739 1
4740 5
4741 5
4742 4
4743 9
4744 8
4745 10
4746 13
4747 7
4748 14
4749 6
4750 10
4751 8
4752 4
4753 8
4754 9
4755 2
4756 7
4757 10
4758 8
4759 8
4760 8
4761 3
4762 13
4763 9
4764 12
4765 10
4766 1
4767 12
4768 10
4769 8
4770 5
4771 15
4772 1
4773 17
4774 10
4775 6
4776 18
4777 7
4778 5
4779 14
4780 1
4781 3
4782 2
4783 2
4784 15
4785 9
4786 10
4787 11
4788 17
4789 6
4790 9
4791 1
4792 10
4793 10
4794 10
4795 13
4796 9
4797 5
4798 13
4799 7
4800 5
4801 4
4802 2
4803 13
4804 4
4805 1
4806 1
4807 11
4808 3
4809 5
4810 2
4811 12
4812 1
4813 9
4814 1
4815 8
4816 18
4817 2
4818 8
4819 1
4820 7
4821 13
4822 7
4823 11
4824 12
4825 10
4826 10
4827 14
4828 12
4829 16
4830 5
4831 4
4832 11
4833 10
4834 14
4835 2
4836 10
4837 6
4838 16
4839 2
4840 10
4841 14
4842 11
4843 13
4844 10
4845 4
4846 6
4847 4
4848 1
4849 9
4850 6
4851 6
4852 5
4853 10
4854 6
4855 16
4856 8
4857 10
4858 11
4859 6
4860 11
4861 12
4862 11
4863 6
4864 9
4865 20
4866 8
4867 16
4868 5
4869 6
4870 3
4871 1
4872 5
4873 3
4874 16
4875 8
4876 1
4877 12
4878 13
4879 3
4880 1
4881 4
4882 16
4883 10
4884 8
4885 8
4886 11
4887 15
4888 1
4889 9
4890 1
4891 8
4892 7
4893 5
4894 12
4895 5
4896 11
4897 3
4898 4
4899 16
4900 11
4901 11
4902 4
4903 1
4904 10
4905 15
4906 8
4907 7
4908 16
4909 9
4910 6
4911 3
4912 11
4913 1
4914 18
4915 10
4916 5
4917 9
4918 8
4919 16
4920 2
4921 12
4922 14
4923 8
4924 1
4925 6
4926 1
4927 13
4928 8
4929 18
4930 3
4931 11
4932 7
4933 7
4934 8
4935 3
4936 15
4937 12
4938 1
4939 13
4940 1
4941 4
4942 10
4943 2
4944 8
4945 6
4946 12
4947 13
4948 3
4949 14
4950 12
4951 5
4952 3
4953 11
4954 12
4955 9
4956 8
4957 14
4958 8
4959 12
4960 12
4961 2
4962 19
4963 1
4964 12
4965 2
4966 1
4967 20
4968 15
4969 2
4970 6
4971 15
4972 5
4973 8
4974 11
4975 12
4976 9
4977 8
4978 10
4979 14
4980 1
4981 16
4982 3
4983 9
4984 14
4985 11
4986 10
4987 7
4988 8
4989 3
4990 11
4991 9
4992 4
4993 6
4994 9
4995 11
4996 8
4997 2
4998 3
4999 5
5000 10
5001 11
5002 8
5003 8
5004 1
5005 8
5006 11
5007 3
5008 10
5009 9
5010 11
5011 12
5012 10
5013 15
5014 5
5015 13
5016 4
5017 2
5018 6
5019 11
5020 5
5021 6
5022 10
5023 9
5024 16
5025 5
5026 5
5027 9
5028 9
5029 14
5030 6
5031 10
5032 3
5033 10
5034 9
5035 8
5036 4
5037 4
5038 8
5039 11
5040 5
5041 7
5042 11
5043 4
5044 10
5045 16
5046 15
5047 6
5048 11
5049 10
5050 2
5051 9
5052 2
5053 13
5054 6
5055 13
5056 1
5057 11
5058 12
5059 8
5060 11
5061 9
5062 6
5063 1
5064 1
5065 2
5066 13
5067 9
5068 11
5069 6
5070 1
5071 13
5072 3
5073 18
5074 4
5075 14
5076 8
5077 8
5078 12
5079 3
5080 11
5081 11
5082 12
5083 4
5084 1
5085 5
5086 10
5087 6
5088 5
5089 9
5090 9
5091 4
5092 16
5093 10
5094 2
5095 1
5096 7
5097 13
5098 2
5099 6
5100 9
5101 1
5102 9
5103 9
5104 5
5105 1
5106 1
5107 6
5108 1
5109 9
5110 16
5111 12
5112 12
5113 5
5114 11
5115 10
5116 12
5117 2
5118 7
5119 11
5120 10
5121 2
5122 4
5123 3
5124 4
5125 3
5126 1
5127 2
5128 6
5129 1
5130 7
5131 7
5132 11
5133 7
5134 2
5135 9
5136 1
5137 7
5138 12
5139 13
5140 14
5141 11
5142 6
5143 10
5144 3
5145 6
5146 10
5147 8
5148 7
5149 2
5150 7
5151 13
5152 9
5153 11
5154 15
5155 6
5156 12
5157 5
5158 4
5159 1
5160 8
5161 5
5162 1
5163 3
5164 9
5165 12
5166 10
5167 4
5168 11
5169 4
5170 14
5171 13
5172 13
5173 11
5174 4
5175 9
5176 11
5177 4
5178 12
5179 4
5180 4
5181 4
5182 1
5183 10
5184 9
5185 1
5186 1
5187 9
5188 10
5189 10
5190 7
5191 2
5192 9
5193 4
5194 10
5195 14
5196 3
5197 1
5198 16
5199 8
5200 3
5201 10
5202 15
5203 7
5204 4
5205 9
5206 4
5207 12
5208 10
5209 10
5210 5
5211 8
5212 10
5213 10
5214 11
5215 4
5216 2
5217 3
5218 13
5219 5
5220 9
5221 11
5222 8
5223 11
5224 12
5225 7
5226 10
5227 14
5228 7
5229 7
5230 4
5231 10
5232 1
5233 8
5234 11
5235 11
5236 5
5237 4
5238 8
5239 2
5240 7
5241 11
5242 7
5243 5
5244 6
5245 15
5246 16
5247 12
5248 11
5249 4
5250 9
5251 2
5252 7
5253 8
5254 11
5255 2
5256 16
5257 8
5258 7
5259 1
5260 3
5261 11
5262 2
5263 7
5264 4
5265 5
5266 4
5267 13
5268 4
5269 13
5270 7
5271 1
5272 15
5273 5
5274 4
5275 11
5276 5
5277 13
5278 6
5279 1
5280 9
5281 4
5282 6
5283 10
5284 10
5285 7
5286 14
5287 3
5288 4
5289 10
5290 13
5291 10
5292 6
5293 7
5294 5
5295 2
5296 3
5297 7
5298 2
5299 8
5300 5
5301 4
5302 1
5303 12
5304 7
5305 12
5306 1
5307 4
5308 6
5309 2
5310 2
5311 2
5312 1
5313 8
5314 12
5315 1
5316 10
5317 1
5318 7
5319 3
5320 9
5321 13
5322 4
5323 7
5324 3
5325 10
5326 2
5327 5
5328 2
5329 11
5330 5
5331 10
5332 6
5333 3
5334 11
5335 11
5336 5
5337 4
5338 3
5339 1
5340 5
5341 16
5342 9
5343 5
5344 3
5345 9
5346 8
5347 9
5348 9
5349 8
5350 7
5351 6
5352 2
5353 2
5354 7
5355 11
5356 12
5357 2
5358 4
5359 12
5360 1
5361 2
5362 8
5363 11
5364 1
5365 11
5366 7
5367 13
5368 10
5369 5
5370 5
5371 4
5372 7
5373 4
5374 12
5375 5
5376 7
5377 11
5378 6
5379 3
5380 2
5381 9
5382 2
5383 5
5384 6
5385 4
5386 1
5387 6
5388 4
5389 5
5390 4
5391 2
5392 12
5393 1
5394 2
5395 2
5396 8
5397 11
5398 10
5399 5
5400 5
5401 10
5402 9
5403 6
5404 1
5405 3
5406 8
5407 5
5408 3
5409 11
5410 11
5411 7
5412 9
5413 5
5414 6
5415 13
5416 2
5417 5
5418 11
5419 10
5420 3
5421 4
5422 10
5423 7
5424 2
5425 13
5426 11
5427 17
5428 2
5429 2
5430 2
5431 10
5432 6
5433 6
5434 9
5435 1
5436 1
5437 3
5438 8
5439 16
5440 3
5441 7
5442 7
5443 10
5444 11
5445 9
5446 7
5447 4
5448 8
5449 11
5450 2
5451 6
5452 11
5453 5
5454 11
5455 6
5456 5
5457 5
5458 21
5459 8
5460 6
5461 8
5462 7
5463 8
5464 5
5465 3
5466 5
5467 8
5468 14
5469 9
5470 17
5471 3
5472 7
5473 2
5474 3
5475 8
5476 3
5477 1
5478 13
5479 8
5480 5
5481 13
5482 3
5483 7
5484 1
5485 8
5486 6
5487 10
5488 11
5489 7
5490 13
5491 4
5492 3
5493 10
5494 4
5495 6
5496 7
5497 7
5498 7
5499 9
5500 1
5501 3
5502 5
5503 2
5504 9
5505 9
5506 14
5507 12
5508 10
5509 6
5510 14
5511 6
5512 13
5513 1
5514 11
5515 1
5516 8
5517 4
5518 12
5519 3
5520 4
5521 10
5522 12
5523 11
5524 10
5525 9
5526 11
5527 3
5528 3
5529 6
5530 10
5531 2
5532 4
5533 6
5534 4
5535 10
5536 2
5537 6
5538 4
5539 3
5540 4
5541 12
5542 11
5543 5
5544 2
5545 9
5546 11
5547 5
5548 14
5549 6
5550 8
5551 12
5552 4
5553 4
5554 3
5555 3
5556 13
5557 10
5558 12
5559 4
5560 8
5561 11
5562 2
5563 5
5564 1
5565 1
5566 17
5567 1
5568 3
5569 6
5570 10
5571 3
5572 1
5573 12
5574 13
5575 8
5576 9
5577 4
5578 8
5579 7
5580 14
5581 6
5582 5
5583 13
5584 1
5585 2
5586 9
5587 7
5588 12
5589 17
5590 13
5591 11
5592 13
5593 7
5594 7
5595 1
5596 9
5597 6
5598 1
5599 14
5600 11
5601 14
5602 9
5603 9
5604 3
5605 12
5606 7
5607 9
5608 11
5609 11
5610 2
5611 4
5612 9
5613 2
5614 1
5615 6
5616 11
5617 3
5618 10
5619 9
5620 14
5621 10
5622 4
5623 11
5624 5
5625 1
5626 7
5627 11
5628 12
5629 9
5630 8
5631 11
5632 7
5633 6
5634 5
5635 11
5636 1
5637 12
5638 9
5639 12
5640 4
5641 12
5642 1
5643 9
5644 5
5645 13
5646 11
5647 12
5648 13
5649 1
5650 5
5651 7
5652 12
5653 9
5654 10
5655 10
5656 6
5657 1
5658 10
5659 13
5660 2
5661 7
5662 6
5663 6
5664 14
5665 14
5666 1
5667 10
5668 7
5669 5
5670 8
5671 13
5672 6
5673 10
5674 5
5675 6
5676 6
5677 9
5678 12
5679 1
5680 13
5681 3
5682 7
5683 6
5684 6
5685 5
5686 5
5687 2
5688 4
5689 5
5690 4
5691 13
5692 12
5693 1
5694 10
5695 16
5696 8
5697 11
5698 5
5699 5
5700 5
5701 2
5702 5
5703 1
5704 6
5705 16
5706 2
5707 5
5708 7
5709 6
5710 11
5711 5
5712 10
5713 6
5714 9
5715 13
5716 3
5717 3
5718 12
5719 8
5720 7
5721 3
5722 4
5723 2
5724 7
5725 10
5726 9
5727 10
5728 14
5729 13
5730 5
5731 8
5732 6
5733 9
5734 4
5735 8
5736 10
5737 7
5738 13
5739 6
5740 11
5741 10
5742 5
5743 12
5744 7
5745 11
5746 11
5747 4
5748 2
5749 6
5750 2
5751 9
5752 4
5753 2
5754 2
5755 3
5756 10
5757 10
5758 5
5759 2
5760 12
5761 13
5762 2
5763 5
5764 1
5765 10
5766 3
5767 11
5768 11
5769 9
5770 9
5771 4
5772 1
5773 2
5774 2
5775 6
5776 10
5777 5
5778 1
5779 11
5780 10
5781 10
5782 6
5783 1
5784 5
5785 4
5786 9
5787 14
5788 6
5789 13
5790 7
5791 3
5792 11
5793 6
5794 11
5795 10
5796 11
5797 13
5798 5
5799 8
5800 4
5801 4
5802 3
5803 10
5804 12
5805 4
5806 5
5807 10
5808 14
5809 2
5810 11
5811 14
5812 16
5813 13
5814 6
5815 1
5816 2
5817 13
5818 8
5819 14
5820 5
5821 8
5822 15
5823 9
5824 7
5825 3
5826 9
5827 15
5828 6
5829 2
5830 10
5831 2
5832 15
5833 9
5834 7
5835 7
5836 3
5837 11
5838 9
5839 4
5840 6
5841 17
5842 7
5843 9
5844 4
5845 4
5846 6
5847 2
5848 14
5849 7
5850 7
5851 5
5852 7
5853 2
5854 8
5855 15
5856 7
5857 14
5858 4
5859 13
5860 13
5861 13
5862 6
5863 6
5864 5
5865 3
5866 7
5867 4
5868 13
5869 9
5870 6
5871 15
5872 3
5873 7
5874 9
5875 12
5876 5
5877 8
5878 1
5879 4
5880 5
5881 2
5882 1
5883 2
5884 17
5885 9
5886 12
5887 3
5888 10
5889 6
5890 10
5891 9
5892 5
5893 13
5894 7
5895 1
5896 1
5897 12
5898 11
5899 6
5900 8
5901 2
5902 2
5903 12
5904 4
5905 8
5906 2
5907 3
5908 2
5909 14
5910 3
5911 7
5912 4
5913 13
5914 12
5915 4
5916 8
5917 2
5918 14
5919 3
5920 4
5921 2
5922 4
5923 7
5924 9
5925 8
5926 12
5927 2
5928 6
5929 10
5930 17
5931 10
5932 14
5933 7
5934 12
5935 10
5936 8
5937 3
5938 8
5939 10
5940 10
5941 7
5942 3
5943 10
5944 7
5945 11
5946 6
5947 3
5948 8
5949 5
5950 11
5951 1
5952 12
5953 8
5954 15
5955 8
5956 4
5957 12
5958 1
5959 3
5960 6
5961 9
5962 11
5963 12
5964 1
5965 1
5966 11
5967 13
5968 11
5969 1
5970 4
5971 4
5972 5
5973 4
5974 4
5975 8
5976 5
5977 4
5978 1
5979 3
5980 3
5981 1
5982 7
5983 12
5984 8
5985 7
5986 2
5987 13
5988 9
5989 10
5990 6
5991 13
5992 5
5993 8
5994 2
5995 8
5996 14
5997 2
5998 9
5999 6
6000 7
6001 5
6002 5
6003 11
6004 10
6005 10
6006 4
6007 2
6008 10
6009 10
6010 7
6011 3
6012 1
6013 3
6014 8
6015 3
6016 1
6017 13
6018 3
6019 1
6020 6
6021 4
6022 11
6023 8
6024 2
6025 10
6026 5
6027 9
6028 8
6029 8
6030 14
6031 2
6032 10
6033 5
6034 2
6035 8
6036 9
6037 9
6038 10
6039 3
6040 14
6041 4
6042 2
6043 10
6044 4
6045 6
6046 1
6047 1
6048 2
6049 7
6050 12
6051 12
6052 8
6053 13
6054 15
6055 9
6056 13
6057 3
6058 1
6059 1
6060 11
6061 6
6062 8
6063 5
6064 8
6065 9
6066 2
6067 3
6068 3
6069 6
6070 6
6071 6
6072 6
6073 15
6074 11
6075 9
6076 1
6077 10
6078 9
6079 1
6080 6
6081 1
6082 5
6083 7
6084 12
6085 15
6086 5
6087 10
6088 11
6089 5
6090 15
6091 6
6092 8
6093 4
6094 1
6095 5
6096 11
6097 6
6098 7
6099 12
6100 1
6101 2
6102 6
6103 4
6104 3
6105 2
6106 2
6107 3
6108 10
6109 2
6110 9
6111 1
6112 2
6113 1
6114 5
6115 7
6116 2
6117 8
6118 11
6119 1
6120 3
6121 1
6122 12
6123 2
6124 9
6125 1
6126 14
6127 3
6128 1
6129 7
6130 9
6131 11
6132 4
6133 11
6134 5
6135 8
6136 8
6137 9
6138 2
6139 9
6140 13
6141 7
6142 3
6143 6
6144 2
6145 6
6146 10
6147 16
6148 8
6149 6
6150 3
6151 4
6152 11
6153 5
6154 5
6155 2
6156 7
6157 12
6158 11
6159 10
6160 7
6161 13
6162 6
6163 9
6164 6
6165 12
6166 11
6167 6
6168 7
6169 9
6170 1
6171 3
6172 3
6173 2
6174 1
6175 14
6176 4
6177 7
6178 10
6179 10
6180 9
6181 7
6182 7
6183 4
6184 9
6185 4
6186 8
6187 8
6188 8
6189 9
6190 9
6191 9
6192 6
6193 9
6194 12
6195 1
6196 6
6197 9
6198 2
6199 7
6200 13
6201 4
6202 5
6203 10
6204 11
6205 10
6206 9
6207 10
6208 3
6209 10
6210 4
6211 3
6212 3
6213 6
6214 9
6215 10
6216 5
6217 16
6218 7
6219 3
6220 10
6221 8
6222 1
6223 4
6224 10
6225 4
6226 2
6227 10
6228 13
6229 13
6230 1
6231 2
6232 13
6233 3
6234 7
6235 13
6236 11
6237 4
6238 9
6239 5
6240 4
6241 3
6242 9
6243 15
6244 2
6245 9
6246 6
6247 19
6248 9
6249 8
6250 5
6251 12
6252 17
6253 2
6254 5
6255 2
6256 9
6257 5
6258 2
6259 2
6260 12
6261 5
6262 1
6263 3
6264 4
6265 5
6266 9
6267 15
6268 6
6269 11
6270 3
6271 12
6272 12
6273 6
6274 2
6275 12
6276 7
6277 11
6278 10
6279 4
6280 1
6281 12
6282 4
6283 2
6284 3
6285 5
6286 11
6287 7
6288 10
6289 5
6290 7
6291 15
6292 3
6293 9
6294 14
6295 2
6296 4
6297 8
6298 12
6299 7
6300 8
6301 6
6302 6
6303 8
6304 11
6305 6
6306 2
6307 13
6308 8
6309 11
6310 3
6311 9
6312 11
6313 8
6314 13
6315 2
6316 14
6317 11
6318 1
6319 4
6320 3
6321 8
6322 2
6323 10
6324 2
6325 11
6326 5
6327 6
6328 12
6329 3
6330 11
6331 11
6332 12
6333 6
6334 8
6335 5
6336 9
6337 8
6338 7
6339 11
6340 4
6341 11
6342 7
6343 8
6344 7
6345 3
6346 8
6347 1
6348 10
6349 5
6350 6
6351 2
6352 4
6353 9
6354 7
6355 2
6356 8
6357 10
6358 10
6359 1
6360 5
6361 4
6362 3
6363 11
6364 9
6365 10
6366 8
6367 13
6368 5
6369 7
6370 2
6371 11
6372 1
6373 6
6374 5
6375 6
6376 2
6377 7
6378 10
6379 12
6380 2
6381 17
6382 8
6383 1
6384 6
6385 7
6386 12
6387 7
6388 13
6389 6
6390 5
6391 7
6392 1
6393 1
6394 13
6395 5
6396 1
6397 11
6398 6
6399 8
6400 6
6401 3
6402 10
6403 7
6404 6
6405 3
6406 2
6407 4
6408 7
6409 4
6410 14
6411 10
6412 4
6413 7
6414 2
6415 5
6416 14
6417 10
6418 11
6419 12
6420 2
6421 17
6422 5
6423 3
6424 11
6425 8
6426 11
6427 12
6428 9
6429 4
6430 11
6431 8
6432 6
6433 11
6434 7
6435 11
6436 2
6437 6
6438 10
6439 3
6440 1
6441 10
6442 2
6443 1
6444 6
6445 13
6446 2
6447 4
6448 9
6449 11
6450 9
6451 6
6452 3
6453 12
6454 12
6455 1
6456 5
6457 1
6458 11
6459 15
6460 9
6461 9
6462 8
6463 3
6464 8
6465 12
6466 1
6467 7
6468 11
6469 4
6470 7
6471 6
6472 8
6473 10
6474 2
6475 7
6476 7
6477 11
6478 1
6479 12
6480 9
6481 4
6482 10
6483 10
6484 7
6485 7
6486 8
6487 7
6488 3
6489 2
6490 6
6491 8
6492 6
6493 1
6494 10
6495 11
6496 14
6497 13
6498 11
6499 10
6500 2
6501 3
6502 7
6503 1
6504 11
6505 4
6506 2
6507 3
6508 10
6509 2
6510 11
6511 7
6512 5
6513 7
6514 8
6515 14
6516 2
6517 6
6518 4
6519 8
6520 2
6521 8
6522 7
6523 5
6524 7
6525 9
6526 1
6527 4
6528 5
6529 8
6530 6
6531 7
6532 7
6533 10
6534 1
6535 7
6536 2
6537 12
6538 3
6539 5
6540 7
6541 7
6542 4
6543 3
6544 3
6545 9
6546 8
6547 4
6548 4
6549 7
6550 6
6551 5
6552 2
6553 8
6554 2
6555 1
6556 1
6557 13
6558 12
6559 9
6560 8
6561 5
6562 11
6563 9
6564 9
6565 4
6566 9
6567 5
6568 8
6569 12
6570 7
6571 6
6572 8
6573 4
6574 7
6575 9
6576 11
6577 9
6578 9
6579 8
6580 1
6581 4
6582 1
6583 3
6584 5
6585 3
6586 9
6587 8
6588 5
6589 4
6590 5
6591 7
6592 13
6593 9
6594 2
6595 10
6596 6
6597 15
6598 11
6599 11
6600 4
6601 11
6602 4
6603 3
6604 3
6605 1
6606 14
6607 7
6608 9
6609 4
6610 8
6611 3
6612 1
6613 8
6614 8
6615 3
6616 15
6617 12
6618 1
6619 3
6620 11
6621 1
6622 9
6623 8
6624 5
6625 1
6626 12
6627 5
6628 11
6629 3
6630 4
6631 1
6632 11
6633 7
6634 2
6635 3
6636 7
6637 11
6638 2
6639 1
6640 3
6641 11
6642 4
6643 8
6644 6
6645 10
6646 8
6647 9
6648 3
6649 12
6650 11
6651 12
6652 3
6653 2
6654 13
6655 4
6656 6
6657 5
6658 6
6659 7
6660 10
6661 9
6662 1
6663 7
6664 3
6665 10
6666 5
6667 11
6668 1
6669 9
6670 8
6671 10
6672 8
6673 4
6674 1
6675 4
6676 11
6677 6
6678 5
6679 7
6680 13
6681 1
6682 7
6683 9
6684 4
6685 6
6686 11
6687 10
6688 8
6689 10
6690 11
6691 6
6692 3
6693 1
6694 4
6695 11
6696 9
6697 9
6698 12
6699 10
6700 8
6701 12
6702 9
6703 3
6704 10
6705 3
6706 13
6707 8
6708 10
6709 5
6710 5
6711 1
6712 7
6713 5
6714 4
6715 4
6716 6
6717 6
6718 11
6719 9
6720 3
6721 9
6722 2
6723 11
6724 8
6725 3
6726 10
6727 4
6728 7
6729 10
6730 10
6731 4
6732 9
6733 4
6734 2
6735 7
6736 11
6737 4
6738 9
6739 1
6740 12
6741 2
6742 6
6743 1
6744 8
6745 11
6746 12
6747 8
6748 13
6749 8
6750 6
6751 11
6752 12
6753 12
6754 6
6755 2
6756 9
6757 10
6758 5
6759 3
6760 6
6761 5
6762 12
6763 11
6764 11
6765 7
6766 15
6767 9
6768 7
6769 10
6770 10
6771 12
6772 1
6773 9
6774 1
6775 6
6776 11
6777 3
6778 11
6779 10
6780 9
6781 10
6782 1
6783 2
6784 4
6785 6
6786 11
6787 2
6788 2
6789 8
6790 8
6791 3
6792 10
6793 9
6794 5
6795 2
6796 12
6797 9
6798 1
6799 8
6800 11
6801 5
6802 7
6803 10
6804 4
6805 10
6806 7
6807 10
6808 1
6809 2
6810 3
6811 9
6812 2
6813 10
6814 9
6815 2
6816 9
6817 7
6818 1
6819 1
6820 6
6821 5
6822 8
6823 5
6824 11
6825 10
6826 4
6827 7
6828 6
6829 15
6830 10
6831 6
6832 1
6833 4
6834 8
6835 11
6836 3
6837 7
6838 8
6839 11
6840 9
6841 4
6842 4
6843 7
6844 5
6845 9
6846 1
6847 11
6848 5
6849 8
6850 6
6851 1
6852 7
6853 7
6854 6
6855 10
6856 5
6857 1
6858 12
6859 6
6860 6
6861 3
6862 6
6863 3
6864 4
6865 5
6866 10
6867 10
6868 9
6869 1
6870 2
6871 7
6872 10
6873 4
6874 8
6875 11
6876 9
6877 3
6878 10
6879 11
6880 7
6881 10
6882 8
6883 7
6884 1
6885 5
6886 6
6887 11
6888 9
6889 5
6890 12
6891 8
6892 4
6893 1
6894 9
6895 10
6896 4
6897 1
6898 7
6899 5
6900 9
6901 3
6902 8
6903 12
6904 8
6905 6
6906 11
6907 10
6908 5
6909 2
6910 9
6911 2
6912 2
6913 2
6914 11
6915 5
6916 5
6917 11
6918 7
6919 4
6920 5
6921 13
6922 13
6923 8
6924 4
6925 12
6926 3
6927 6
6928 8
6929 11
6930 11
6931 8
6932 10
6933 10
6934 3
6935 5
6936 8
6937 7
6938 3
6939 13
6940 9
6941 7
6942 9
6943 12
6944 6
6945 5
6946 1
6947 5
6948 3
6949 7
6950 4
6951 5
6952 9
6953 4
6954 5
6955 5
6956 4
6957 9
6958 4
6959 10
6960 7
6961 1
6962 6
6963 3
6964 7
6965 1
6966 1
6967 4
6968 4
6969 4
6970 1
6971 8
6972 11
6973 2
6974 5
6975 2
6976 1
6977 12
6978 11
6979 2
6980 6
6981 7
6982 12
6983 2
6984 6
6985 5
6986 6
6987 6
6988 9
6989 6
6990 10
6991 1
6992 8
6993 10
6994 8
6995 6
6996 11
6997 1
6998 6
6999 10
7000 5
7001 6
7002 3
7003 3
7004 2
7005 2
7006 1
7007 2
7008 1
7009 3
7010 8
7011 3
7012 2
7013 4
7014 8
7015 6
7016 2
7017 10
7018 6
7019 1
7020 2
7021 1
7022 5
7023 5
7024 6
7025 7
7026 6
7027 11
7028 9
7029 6
7030 1
7031 6
7032 2
7033 1
7034 1
7035 2
7036 6
7037 5
7038 2
7039 9
7040 7
7041 8
7042 5
7043 10
7044 14
7045 9
7046 4
7047 10
7048 6
7049 6
7050 9
7051 1
7052 2
7053 4
7054 10
7055 9
7056 5
7057 2
7058 1
7059 11
7060 1
7061 5
7062 6
7063 11
7064 6
7065 7
7066 10
7067 3
7068 5
7069 9
7070 1
7071 2
7072 1
7073 9
7074 1
7075 12
7076 12
7077 5
7078 9
7079 2
7080 5
7081 5
7082 2
7083 11
7084 1
7085 4
7086 4
7087 2
7088 12
7089 7
7090 10
7091 5
7092 10
7093 6
7094 1
7095 4
7096 6
7097 13
7098 6
7099 9
7100 1
7101 3
7102 1
7103 11
7104 4
7105 10
7106 4
7107 2
7108 5
7109 4
7110 1
7111 7
7112 4
7113 7
7114 7
7115 11
7116 1
7117 2
7118 3
7119 8
7120 8
7121 7
7122 11
7123 4
7124 7
7125 5
7126 11
7127 5
7128 11
7129 3
7130 12
7131 9
7132 11
7133 6
7134 5
7135 5
7136 8
7137 8
7138 4
7139 10
7140 8
7141 10
7142 5
7143 10
7144 2
7145 8
7146 5
7147 5
7148 6
7149 4
7150 6
7151 12
7152 9
7153 10
7154 11
7155 6
7156 2
7157 9
7158 9
7159 11
7160 10
7161 2
7162 9
7163 11
7164 2
7165 9
7166 6
7167 1
7168 8
7169 2
7170 11
7171 4
7172 13
7173 7
7174 11
7175 2
7176 8
7177 11
7178 8
7179 4
7180 13
7181 9
7182 2
7183 9
7184 8
7185 3
7186 6
7187 4
7188 5
7189 8
7190 11
7191 11
7192 2
7193 2
7194 9
7195 1
7196 4
7197 6
7198 5
7199 12
7200 13
7201 4
7202 2
7203 6
7204 2
7205 12
7206 7
7207 1
7208 11
7209 5
7210 6
7211 6
7212 12
7213 5
7214 8
7215 9
7216 6
7217 8
7218 3
7219 3
7220 4
7221 6
7222 9
7223 7
7224 7
7225 3
7226 11
7227 2
7228 10
7229 16
7230 10
7231 1
7232 4
7233 13
7234 12
7235 13
7236 11
7237 3
7238 8
7239 10
7240 1
7241 4
7242 1
7243 10
7244 8
7245 4
7246 12
7247 4
7248 4
7249 11
7250 8
7251 7
7252 9
7253 6
7254 1
7255 2
7256 6
7257 4
7258 10
7259 1
7260 8
7261 3
7262 6
7263 14
7264 10
7265 3
7266 7
7267 5
7268 7
7269 11
7270 1
7271 5
7272 11
7273 10
7274 11
7275 11
7276 7
7277 4
7278 6
7279 9
7280 5
7281 11
7282 5
7283 5
7284 5
7285 13
7286 6
7287 8
7288 7
7289 4
7290 8
7291 4
7292 5
7293 9
7294 14
7295 10
7296 2
7297 4
7298 2
7299 8
7300 10
7301 10
7302 2
7303 4
7304 2
7305 10
7306 5
7307 6
7308 13
7309 11
7310 3
7311 1
7312 6
7313 10
7314 3
7315 4
7316 6
7317 11
7318 4
7319 10
7320 7
7321 12
7322 3
7323 8
7324 12
7325 7
7326 8
7327 8
7328 5
7329 6
7330 3
7331 8
7332 3
7333 8
7334 2
7335 11
7336 2
7337 4
7338 6
7339 7
7340 10
7341 6
7342 4
7343 10
7344 7
7345 7
7346 1
7347 10
7348 8
7349 2
7350 6
7351 7
7352 5
7353 8
7354 1
7355 6
7356 5
7357 3
7358 5
7359 9
7360 12
7361 9
7362 3
7363 9
7364 1
7365 4
7366 6
7367 4
7368 2
7369 12
7370 3
7371 11
7372 11
7373 5
7374 5
7375 10
7376 3
7377 9
7378 7
7379 1
7380 10
7381 4
7382 13
7383 4
7384 2
7385 12
7386 4
7387 5
7388 10
7389 10
7390 5
7391 9
7392 9
7393 8
7394 2
7395 3
7396 8
7397 4
7398 8
7399 10
7400 14
7401 1
7402 10
7403 4
7404 6
7405 5
7406 9
7407 1
7408 1
7409 12
7410 9
7411 10
7412 2
7413 2
7414 11
7415 7
7416 10
7417 10
7418 2
7419 12
7420 5
7421 3
7422 3
7423 7
7424 5
7425 1
7426 4
7427 7
7428 8
7429 1
7430 10
7431 3
7432 7
7433 3
7434 9
7435 9
7436 6
7437 8
7438 13
7439 1
7440 2
7441 4
7442 8
7443 7
7444 2
7445 3
7446 8
7447 3
7448 4
7449 5
7450 4
7451 3
7452 4
7453 8
7454 5
7455 9
7456 9
7457 6
7458 1
7459 7
7460 7
7461 9
7462 7
7463 9
7464 11
7465 12
7466 9
7467 11
7468 4
7469 11
7470 5
7471 1
7472 6
7473 9
7474 7
7475 11
7476 7
7477 6
7478 8
7479 7
7480 3
7481 1
7482 9
7483 3
7484 11
7485 1
7486 6
7487 13
7488 9
7489 4
7490 6
7491 9
7492 9
7493 8
7494 4
7495 2
7496 8
7497 9
7498 1
7499 7
7500 6
7501 5
7502 5
7503 5
7504 13
7505 5
7506 8
7507 7
7508 6
7509 5
7510 2
7511 11
7512 2
7513 10
7514 5
7515 3
7516 5
7517 8
7518 7
7519 8
7520 4
7521 6
7522 8
7523 8
7524 11
7525 7
7526 6
7527 4
7528 12
7529 7
7530 4
7531 1
7532 2
7533 1
7534 8
7535 4
7536 4
7537 10
7538 7
7539 8
7540 1
7541 8
7542 8
7543 11
7544 4
7545 7
7546 4
7547 9
7548 8
7549 6
7550 8
7551 3
7552 3
7553 3
7554 15
7555 7
7556 4
7557 9
7558 5
7559 2
7560 2
7561 8
7562 3
7563 9
7564 3
7565 8
7566 8
7567 9
7568 10
7569 7
7570 9
7571 7
7572 13
7573 8
7574 4
7575 4
7576 6
7577 10
7578 8
7579 5
7580 9
7581 1
7582 6
7583 4
7584 5
7585 5
7586 6
7587 7
7588 12
7589 10
7590 5
7591 8
7592 3
7593 2
7594 2
7595 3
7596 6
7597 12
7598 10
7599 9
7600 5
7601 13
7602 1
7603 8
7604 10
7605 6
7606 10
7607 12
7608 2
7609 9
7610 3
7611 3
7612 8
7613 9
7614 9
7615 3
7616 4
7617 4
7618 7
7619 8
7620 9
7621 1
7622 6
7623 4
7624 8
7625 5
7626 5
7627 8
7628 9
7629 11
7630 8
7631 4
7632 4
7633 10
7634 4
7635 5
7636 6
7637 4
7638 10
7639 6
7640 3
7641 2
7642 11
7643 3
7644 1
7645 5
7646 11
7647 2
7648 12
7649 10
7650 9
7651 3
7652 6
7653 7
7654 11
7655 2
7656 6
7657 6
7658 9
7659 9
7660 1
7661 2
7662 10
7663 4
7664 13
7665 4
7666 1
7667 6
7668 1
7669 9
7670 9
7671 1
7672 12
7673 10
7674 6
7675 11
7676 12
7677 1
7678 8
7679 9
7680 6
7681 11
7682 9
7683 4
7684 3
7685 10
7686 5
7687 3
7688 10
7689 8
7690 10
7691 1
7692 2
7693 7
7694 7
7695 13
7696 2
7697 9
7698 4
7699 5
7700 2
7701 9
7702 10
7703 7
7704 5
7705 8
7706 7
7707 9
7708 7
7709 8
7710 5
7711 4
7712 9
7713 8
7714 7
7715 7
7716 5
7717 12
7718 3
7719 4
7720 1
7721 8
7722 10
7723 5
7724 9
7725 1
7726 13
7727 12
7728 7
7729 9
7730 9
7731 6
7732 7
7733 8
7734 6
7735 7
7736 4
7737 1
7738 5
7739 8
7740 2
7741 10
7742 5
7743 11
7744 5
7745 9
7746 2
7747 9
7748 2
7749 9
7750 1
7751 11
7752 6
7753 5
7754 10
7755 6
7756 4
7757 6
7758 5
7759 7
7760 10
7761 8
7762 9
7763 12
7764 4
7765 1
7766 4
7767 12
7768 4
7769 5
7770 1
7771 2
7772 8
7773 5
7774 7
7775 7
7776 6
7777 9
7778 5
7779 6
7780 4
7781 3
7782 10
7783 4
7784 9
7785 4
7786 3
7787 6
7788 5
7789 5
7790 4
7791 9
7792 2
7793 11
7794 3
7795 2
7796 3
7797 5
7798 2
7799 9
7800 2
7801 11
7802 9
7803 7
7804 5
7805 4
7806 11
7807 9
7808 5
7809 5
7810 2
7811 3
7812 6
7813 13
7814 3
7815 6
7816 12
7817 10
7818 7
7819 11
7820 5
7821 2
7822 2
7823 7
7824 6
7825 1
7826 2
7827 9
7828 8
7829 1
7830 7
7831 5
7832 12
7833 5
7834 1
7835 4
7836 1
7837 9
7838 9
7839 1
7840 7
7841 12
7842 4
7843 7
7844 6
7845 8
7846 5
7847 2
7848 13
7849 8
7850 4
7851 10
7852 4
7853 9
7854 4
7855 9
7856 7
7857 12
7858 12
7859 8
7860 1
7861 10
7862 9
7863 6
7864 6
7865 7
7866 13
7867 12
7868 8
7869 1
7870 11
7871 8
7872 3
7873 8
7874 6
7875 7
7876 4
7877 8
7878 7
7879 4
7880 10
7881 1
7882 2
7883 8
7884 5
7885 5
7886 5
7887 6
7888 1
7889 3
7890 6
7891 7
7892 9
7893 9
7894 6
7895 11
7896 7
7897 1
7898 11
7899 8
7900 10
7901 4
7902 11
7903 3
7904 2
7905 8
7906 5
7907 7
7908 1
7909 4
7910 6
7911 12
7912 5
7913 4
7914 7
7915 3
7916 10
7917 2
7918 6
7919 5
7920 9
7921 8
7922 1
7923 4
7924 5
7925 4
7926 3
7927 6
7928 4
7929 8
7930 1
7931 9
7932 10
7933 5
7934 2
7935 3
7936 6
7937 9
7938 4
7939 4
7940 4
7941 5
7942 6
7943 4
7944 8
7945 9
7946 9
7947 10
7948 3
7949 5
7950 9
7951 4
7952 6
7953 1
7954 8
7955 12
7956 5
7957 5
7958 2
7959 2
7960 4
7961 4
7962 2
7963 5
7964 9
7965 3
7966 5
7967 6
7968 4
7969 3
7970 9
7971 3
7972 7
7973 5
7974 2
7975 8
7976 5
7977 4
7978 5
7979 9
7980 10
7981 4
7982 9
7983 1
7984 1
7985 9
7986 5
7987 7
7988 4
7989 7
7990 6
7991 3
7992 4
7993 1
7994 9
7995 12
7996 8
7997 3
7998 8
7999 9
8000 7
8001 2
8002 7
8003 5
8004 1
8005 7
8006 10
8007 3
8008 11
8009 9
8010 8
8011 11
8012 7
8013 5
8014 1
8015 4
8016 7
8017 9
8018 5
8019 9
8020 2
8021 1
8022 5
8023 2
8024 1
8025 10
8026 1
8027 7
8028 7
8029 2
8030 6
8031 6
8032 6
8033 9
8034 7
8035 4
8036 7
8037 5
8038 7
8039 10
8040 12
8041 6
8042 2
8043 6
8044 11
8045 8
8046 1
8047 4
8048 7
8049 10
8050 7
8051 9
8052 11
8053 3
8054 13
8055 5
8056 8
8057 7
8058 8
8059 8
8060 9
8061 4
8062 11
8063 3
8064 4
8065 7
8066 9
8067 7
8068 8
8069 7
8070 1
8071 10
8072 7
8073 3
8074 3
8075 3
8076 2
8077 13
8078 7
8079 2
8080 10
8081 1
8082 1
8083 9
8084 1
8085 7
8086 10
8087 10
8088 9
8089 4
8090 1
8091 10
8092 9
8093 3
8094 9
8095 1
8096 9
8097 8
8098 10
8099 3
8100 6
8101 6
8102 9
8103 7
8104 11
8105 8
8106 6
8107 7
8108 1
8109 5
8110 9
8111 5
8112 10
8113 10
8114 10
8115 1
8116 7
8117 8
8118 10
8119 9
8120 3
8121 4
8122 1
8123 5
8124 6
8125 12
8126 8
8127 6
8128 4
8129 4
8130 6
8131 6
8132 10
8133 5
8134 10
8135 6
8136 8
8137 3
8138 7
8139 9
8140 6
8141 5
8142 1
8143 4
8144 1
8145 13
8146 5
8147 6
8148 4
8149 3
8150 9
8151 5
8152 9
8153 3
8154 2
8155 7
8156 5
8157 6
8158 10
8159 9
8160 1
8161 11
8162 1
8163 2
8164 2
8165 8
8166 11
8167 9
8168 9
8169 4
8170 2
8171 4
8172 10
8173 3
8174 6
8175 4
8176 11
8177 4
8178 2
8179 14
8180 8
8181 9
8182 3
8183 5
8184 6
8185 2
8186 2
8187 2
8188 6
8189 2
8190 10
8191 13
8192 3
8193 7
8194 6
8195 9
8196 4
8197 1
8198 5
8199 11
8200 3
8201 7
8202 2
8203 4
8204 4
8205 5
8206 1
8207 6
8208 5
8209 8
8210 7
8211 4
8212 10
8213 3
8214 5
8215 12
8216 2
8217 5
8218 8
8219 8
8220 2
8221 4
8222 4
8223 5
8224 8
8225 4
8226 8
8227 16
8228 6
8229 6
8230 1
8231 4
8232 4
8233 1
8234 2
8235 12
8236 7
8237 5
8238 7
8239 11
8240 10
8241 7
8242 8
8243 8
8244 1
8245 5
8246 1
8247 3
8248 6
8249 7
8250 3
8251 4
8252 2
8253 10
8254 3
8255 4
8256 2
8257 5
8258 6
8259 5
8260 3
8261 8
8262 4
8263 1
8264 4
8265 7
8266 5
8267 7
8268 2
8269 8
8270 9
8271 7
8272 10
8273 4
8274 8
8275 1
8276 3
8277 5
8278 7
8279 9
8280 8
8281 2
8282 2
8283 2
8284 4
8285 3
8286 4
8287 10
8288 3
8289 5
8290 5
8291 5
8292 10
8293 5
8294 3
8295 1
8296 8
8297 2
8298 5
8299 7
8300 2
8301 8
8302 1
8303 5
8304 2
8305 9
8306 3
8307 9
8308 1
8309 7
8310 4
8311 11
8312 7
8313 7
8314 8
8315 3
8316 8
8317 1
8318 8
8319 2
8320 7
8321 2
8322 3
8323 7
8324 9
8325 5
8326 9
8327 12
8328 6
8329 9
8330 10
8331 8
8332 4
8333 9
8334 5
8335 1
8336 2
8337 8
8338 3
8339 10
8340 4
8341 4
8342 11
8343 11
8344 11
8345 10
8346 2
8347 4
8348 3
8349 7
8350 7
8351 1
8352 9
8353 5
8354 4
8355 9
8356 4
8357 3
8358 12
8359 4
8360 4
8361 3
8362 11
8363 7
8364 6
8365 8
8366 2
8367 6
8368 1
8369 7
8370 10
8371 7
8372 8
8373 3
8374 4
8375 3
8376 7
8377 4
8378 7
8379 2
8380 10
8381 1
8382 4
8383 6
8384 10
8385 2
8386 12
8387 6
8388 5
8389 10
8390 9
8391 8
8392 6
8393 11
8394 3
8395 1
8396 8
8397 4
8398 1
8399 3
8400 1
8401 8
8402 7
8403 5
8404 8
8405 6
8406 12
8407 1
8408 8
8409 3
8410 8
8411 5
8412 3
8413 8
8414 6
8415 1
8416 10
8417 3
8418 9
8419 6
8420 9
8421 3
8422 3
8423 10
8424 10
8425 5
8426 5
8427 8
8428 8
8429 10
8430 8
8431 6
8432 8
8433 4
8434 10
8435 5
8436 11
8437 5
8438 8
8439 9
8440 10
8441 8
8442 8
8443 9
8444 1
8445 9
8446 5
8447 2
8448 9
8449 11
8450 10
8451 2
8452 7
8453 1
8454 6
8455 4
8456 7
8457 3
8458 9
8459 1
8460 5
8461 5
8462 12
8463 1
8464 7
8465 6
8466 2
8467 10
8468 2
8469 3
8470 5
8471 12
8472 9
8473 3
8474 5
8475 3
8476 9
8477 2
8478 9
8479 1
8480 8
8481 9
8482 8
8483 3
8484 3
8485 2
8486 3
8487 10
8488 8
8489 7
8490 2
8491 8
8492 1
8493 4
8494 10
8495 9
8496 11
8497 6
8498 5
8499 8
8500 4
8501 9
8502 10
8503 9
8504 11
8505 9
8506 3
8507 1
8508 4
8509 6
8510 1
8511 7
8512 8
8513 10
8514 8
8515 6
8516 4
8517 7
8518 1
8519 10
8520 1
8521 5
8522 1
8523 11
8524 5
8525 10
8526 4
8527 3
8528 3
8529 10
8530 2
8531 8
8532 8
8533 2
8534 3
8535 10
8536 12
8537 5
8538 3
8539 2
8540 1
8541 3
8542 5
8543 2
8544 10
8545 7
8546 9
8547 10
8548 7
8549 5
8550 8
8551 3
8552 10
8553 4
8554 10
8555 10
8556 3
8557 10
8558 11
8559 4
8560 7
8561 3
8562 5
8563 8
8564 8
8565 5
8566 11
8567 3
8568 2
8569 7
8570 10
8571 1
8572 4
8573 8
8574 7
8575 5
8576 1
8577 7
8578 7
8579 8
8580 7
8581 7
8582 3
8583 7
8584 10
8585 7
8586 7
8587 8
8588 8
8589 3
8590 3
8591 1
8592 5
8593 4
8594 7
8595 1
8596 6
8597 2
8598 8
8599 2
8600 7
8601 6
8602 9
8603 5
8604 2
8605 1
8606 10
8607 2
8608 2
8609 8
8610 10
8611 2
8612 3
8613 6
8614 9
8615 5
8616 2
8617 11
8618 2
8619 3
8620 9
8621 8
8622 10
8623 6
8624 10
8625 1
8626 1
8627 8
8628 8
8629 2
8630 2
8631 9
8632 11
8633 11
8634 4
8635 10
8636 7
8637 3
8638 4
8639 5
8640 1
8641 2
8642 4
8643 6
8644 1
8645 10
8646 10
8647 12
8648 6
8649 4
8650 1
8651 8
8652 1
8653 3
8654 7
8655 1
8656 2
8657 7
8658 2
8659 2
8660 7
8661 7
8662 4
8663 4
8664 9
8665 10
8666 3
8667 3
8668 2
8669 8
8670 10
8671 1
8672 5
8673 5
8674 2
8675 11
8676 3
8677 5
8678 6
8679 11
8680 6
8681 4
8682 1
8683 9
8684 1
8685 3
8686 6
8687 1
8688 9
8689 3
8690 4
8691 3
8692 2
8693 9
8694 10
8695 5
8696 8
8697 9
8698 3
8699 3
8700 11
8701 2
8702 9
8703 4
8704 9
8705 2
8706 6
8707 7
8708 1
8709 2
8710 1
8711 7
8712 4
8713 8
8714 5
8715 1
8716 5
8717 5
8718 3
8719 7
8720 2
8721 3
8722 7
8723 2
8724 2
8725 4
8726 2
8727 10
8728 2
8729 8
8730 8
8731 4
8732 2
8733 8
8734 2
8735 4
8736 2
8737 5
8738 7
8739 7
8740 10
8741 3
8742 9
8743 8
8744 6
8745 3
8746 2
8747 3
8748 6
8749 8
8750 8
8751 3
8752 3
8753 9
8754 10
8755 9
8756 8
8757 5
8758 2
8759 10
8760 9
8761 10
8762 3
8763 3
8764 2
8765 1
8766 10
8767 7
8768 5
8769 7
8770 3
8771 6
8772 10
8773 5
8774 10
8775 9
8776 8
8777 4
8778 10
8779 3
8780 2
8781 6
8782 5
8783 7
8784 5
8785 7
8786 2
8787 7
8788 6
8789 10
8790 7
8791 6
8792 1
8793 6
8794 9
8795 4
8796 6
8797 7
8798 1
8799 2
8800 6
8801 11
8802 9
8803 9
8804 3
8805 10
8806 6
8807 2
8808 4
8809 8
8810 2
8811 7
8812 4
8813 12
8814 4
8815 2
8816 4
8817 1
8818 8
8819 5
8820 3
8821 3
8822 4
8823 8
8824 7
8825 6
8826 7
8827 3
8828 1
8829 8
8830 5
8831 7
8832 12
8833 7
8834 6
8835 1
8836 6
8837 3
8838 4
8839 2
8840 2
8841 7
8842 5
8843 7
8844 5
8845 9
8846 9
8847 9
8848 5
8849 9
8850 3
8851 9
8852 9
8853 3
8854 3
8855 2
8856 3
8857 3
8858 9
8859 9
8860 7
8861 2
8862 4
8863 7
8864 9
8865 11
8866 5
8867 6
8868 1
8869 6
8870 6
8871 3
8872 5
8873 5
8874 9
8875 3
8876 8
8877 6
8878 3
8879 11
8880 10
8881 10
8882 5
8883 1
8884 2
8885 1
8886 10
8887 7
8888 7
8889 11
8890 10
8891 10
8892 8
8893 1
8894 3
8895 7
8896 7
8897 11
8898 4
8899 1
8900 7
8901 7
8902 1
8903 9
8904 6
8905 3
8906 10
8907 10
8908 7
8909 7
8910 11
8911 6
8912 4
8913 8
8914 9
8915 10
8916 2
8917 12
8918 7
8919 5
8920 9
8921 11
8922 6
8923 4
8924 7
8925 4
8926 4
8927 8
8928 7
8929 9
8930 7
8931 9
8932 9
8933 2
8934 10
8935 8
8936 8
8937 3
8938 11
8939 8
8940 5
8941 3
8942 8
8943 3
8944 1
8945 10
8946 10
8947 3
8948 1
8949 10
8950 8
8951 10
8952 2
8953 8
8954 7
8955 5
8956 2
8957 11
8958 3
8959 2
8960 2
8961 9
8962 7
8963 3
8964 2
8965 10
8966 2
8967 3
8968 5
8969 5
8970 6
8971 8
8972 7
8973 1
8974 3
8975 4
8976 4
8977 5
8978 8
8979 8
8980 10
8981 2
8982 1
8983 2
8984 1
8985 4
8986 7
8987 3
8988 2
8989 3
8990 10
8991 9
8992 7
8993 3
8994 7
8995 2
8996 11
8997 11
8998 9
8999 8
9000 8
9001 7
9002 5
9003 3
9004 1
9005 8
9006 10
9007 4
9008 9
9009 8
9010 9
9011 6
9012 6
9013 3
9014 2
9015 10
9016 9
9017 8
9018 3
9019 3
9020 2
9021 5
9022 9
9023 3
9024 10
9025 11
9026 5
9027 10
9028 8
9029 11
9030 2
9031 5
9032 1
9033 7
9034 5
9035 11
9036 8
9037 6
9038 9
9039 7
9040 10
9041 5
9042 3
9043 10
9044 9
9045 10
9046 4
9047 9
9048 1
9049 8
9050 6
9051 9
9052 8
9053 8
9054 3
9055 9
9056 10
9057 11
9058 8
9059 2
9060 1
9061 2
9062 7
9063 6
9064 6
9065 11
9066 4
9067 8
9068 3
9069 4
9070 4
9071 4
9072 9
9073 3
9074 8
9075 8
9076 6
9077 2
9078 9
9079 6
9080 6
9081 9
9082 5
9083 6
9084 4
9085 1
9086 4
9087 7
9088 9
9089 4
9090 10
9091 3
9092 7
9093 3
9094 1
9095 7
9096 5
9097 6
9098 3
9099 1
9100 3
9101 3
9102 9
9103 7
9104 1
9105 2
9106 3
9107 7
9108 4
9109 7
9110 8
9111 5
9112 2
9113 7
9114 9
9115 7
9116 7
9117 10
9118 1
9119 2
9120 11
9121 6
9122 7
9123 10
9124 4
9125 9
9126 2
9127 1
9128 6
9129 5
9130 3
9131 4
9132 4
9133 2
9134 6
9135 3
9136 6
9137 5
9138 9
9139 9
9140 9
9141 4
9142 8
9143 9
9144 6
9145 8
9146 7
9147 7
9148 3
9149 8
9150 8
9151 7
9152 10
9153 1
9154 5
9155 7
9156 6
9157 7
9158 10
9159 3
9160 3
9161 1
9162 6
9163 7
9164 8
9165 1
9166 10
9167 2
9168 3
9169 6
9170 9
9171 3
9172 9
9173 7
9174 5
9175 9
9176 8
9177 2
9178 9
9179 10
9180 10
9181 5
9182 2
9183 3
9184 10
9185 7
9186 1
9187 7
9188 9
9189 2
9190 9
9191 3
9192 9
9193 1
9194 3
9195 11
9196 8
9197 2
9198 4
9199 8
9200 2
9201 7
9202 2
9203 7
9204 6
9205 5
9206 8
9207 2
9208 12
9209 1
9210 1
9211 9
9212 6
9213 3
9214 9
9215 6
9216 9
9217 7
9218 10
9219 9
9220 7
9221 10
9222 3
9223 9
9224 7
9225 2
9226 9
9227 8
9228 9
9229 4
9230 3
9231 7
9232 11
9233 7
9234 6
9235 6
9236 3
9237 10
9238 10
9239 3
9240 5
9241 5
9242 9
9243 2
9244 8
9245 1
9246 11
9247 2
9248 4
9249 3
9250 7
9251 12
9252 4
9253 11
9254 6
9255 7
9256 9
9257 1
9258 6
9259 1
9260 1
9261 1
9262 5
9263 2
9264 9
9265 7
9266 10
9267 5
9268 7
9269 10
9270 2
9271 6
9272 9
9273 8
9274 7
9275 1
9276 12
9277 3
9278 4
9279 1
9280 5
9281 1
9282 10
9283 7
9284 3
9285 7
9286 6
9287 3
9288 1
9289 3
9290 10
9291 6
9292 4
9293 5
9294 10
9295 9
9296 4
9297 2
9298 4
9299 2
9300 10
9301 3
9302 5
9303 1
9304 2
9305 8
9306 7
9307 9
9308 4
9309 7
9310 7
9311 5
9312 2
9313 11
9314 2
9315 3
9316 8
9317 5
9318 6
9319 1
9320 10
9321 2
9322 9
9323 3
9324 7
9325 8
9326 10
9327 9
9328 7
9329 4
9330 1
9331 10
9332 1
9333 10
9334 9
9335 8
9336 3
9337 2
9338 3
9339 5
9340 6
9341 4
9342 5
9343 8
9344 5
9345 5
9346 8
9347 5
9348 7
9349 4
9350 6
9351 4
9352 5
9353 9
9354 6
9355 5
9356 10
9357 1
9358 2
9359 5
9360 4
9361 6
9362 4
9363 2
9364 4
9365 2
9366 5
9367 5
9368 10
9369 4
9370 10
9371 7
9372 10
9373 10
9374 3
9375 3
9376 11
9377 6
9378 10
9379 4
9380 9
9381 2
9382 5
9383 9
9384 7
9385 9
9386 6
9387 7
9388 7
9389 7
9390 5
9391 1
9392 5
9393 1
9394 1
9395 5
9396 3
9397 2
9398 1
9399 3
9400 2
9401 9
9402 4
9403 2
9404 6
9405 3
9406 9
9407 9
9408 6
9409 8
9410 7
9411 6
9412 8
9413 8
9414 7
9415 9
9416 1
9417 5
9418 7
9419 1
9420 8
9421 4
9422 4
9423 7
9424 6
9425 1
9426 2
9427 3
9428 7
9429 2
9430 5
9431 4
9432 7
9433 10
9434 4
9435 9
9436 9
9437 7
9438 4
9439 6
9440 3
9441 2
9442 3
9443 5
9444 9
9445 6
9446 6
9447 4
9448 7
9449 4
9450 2
9451 1
9452 8
9453 1
9454 4
9455 1
9456 2
9457 10
9458 6
9459 7
9460 3
9461 2
9462 9
9463 5
9464 10
9465 9
9466 10
9467 9
9468 6
9469 9
9470 6
9471 7
9472 7
9473 6
9474 10
9475 5
9476 1
9477 5
9478 1
9479 6
9480 6
9481 11
9482 7
9483 9
9484 4
9485 5
9486 1
9487 1
9488 3
9489 5
9490 7
9491 6
9492 1
9493 9
9494 10
9495 10
9496 2
9497 10
9498 8
9499 8
9500 9
9501 3
9502 1
9503 8
9504 2
9505 2
9506 11
9507 6
9508 9
9509 6
9510 2
9511 9
9512 5
9513 9
9514 9
9515 6
9516 4
9517 2
9518 3
9519 6
9520 2
9521 9
9522 5
9523 2
9524 9
9525 3
9526 2
9527 9
9528 7
9529 5
9530 10
9531 4
9532 9
9533 5
9534 6
9535 8
9536 5
9537 1
9538 3
9539 8
9540 8
9541 9
9542 8
9543 4
9544 3
9545 1
9546 8
9547 8
9548 1
9549 1
9550 9
9551 6
9552 9
9553 4
9554 6
9555 1
9556 10
9557 10
9558 1
9559 1
9560 4
9561 8
9562 10
9563 8
9564 2
9565 6
9566 5
9567 8
9568 10
9569 5
9570 5
9571 5
9572 7
9573 9
9574 7
9575 8
9576 9
9577 1
9578 7
9579 6
9580 5
9581 3
9582 9
9583 2
9584 8
9585 2
9586 10
9587 1
9588 9
9589 9
9590 1
9591 2
9592 7
9593 3
9594 7
9595 5
9596 7
9597 2
9598 4
9599 9
9600 10
9601 3
9602 6
9603 1
9604 2
9605 8
9606 5
9607 2
9608 5
9609 7
9610 7
9611 7
9612 4
9613 8
9614 10
9615 2
9616 8
9617 5
9618 4
9619 8
9620 7
9621 2
9622 5
9623 4
9624 7
9625 2
9626 9
9627 10
9628 1
9629 8
9630 6
9631 10
9632 2
9633 6
9634 5
9635 4
9636 9
9637 6
9638 2
9639 6
9640 7
9641 9
9642 8
9643 10
9644 3
9645 5
9646 11
9647 5
9648 12
9649 5
9650 6
9651 4
9652 8
9653 2
9654 7
9655 1
9656 4
9657 3
9658 8
9659 4
9660 5
9661 7
9662 4
9663 1
9664 6
9665 1
9666 5
9667 6
9668 1
9669 8
9670 5
9671 4
9672 8
9673 3
9674 4
9675 10
9676 10
9677 7
9678 8
9679 8
9680 5
9681 8
9682 2
9683 10
9684 4
9685 6
9686 8
9687 6
9688 6
9689 6
9690 3
9691 1
9692 6
9693 2
9694 6
9695 3
9696 5
9697 5
9698 8
9699 10
9700 2
9701 5
9702 5
9703 10
9704 5
9705 4
9706 3
9707 6
9708 10
9709 4
9710 1
9711 9
9712 10
9713 7
9714 2
9715 5
9716 2
9717 10
9718 9
9719 7
9720 1
9721 3
9722 9
9723 9
9724 10
9725 2
9726 3
9727 2
9728 3
9729 2
9730 5
9731 10
9732 5
9733 7
9734 2
9735 3
9736 7
9737 3
9738 6
9739 7
9740 7
9741 9
9742 6
9743 3
9744 1
9745 2
9746 4
9747 3
9748 7
9749 5
9750 6
9751 3
9752 4
9753 6
9754 7
9755 3
9756 3
9757 8
9758 3
9759 10
9760 3
9761 7
9762 7
9763 6
9764 1
9765 2
9766 2
9767 9
9768 4
9769 1
9770 5
9771 6
9772 7
9773 9
9774 2
9775 4
9776 9
9777 5
9778 6
9779 10
9780 7
9781 8
9782 9
9783 10
9784 8
9785 7
9786 9
9787 9
9788 8
9789 8
9790 5
9791 3
9792 7
9793 2
9794 1
9795 7
9796 9
9797 2
9798 9
9799 10
9800 3
9801 1
9802 8
9803 3
9804 8
9805 2
9806 2
9807 6
9808 4
9809 2
9810 5
9811 10
9812 6
9813 10
9814 4
9815 9
9816 5
9817 7
9818 5
9819 1
9820 6
9821 8
9822 7
9823 3
9824 3
9825 8
9826 10
9827 3
9828 7
9829 10
9830 9
9831 6
9832 4
9833 3
9834 1
9835 3
9836 4
9837 6
9838 9
9839 9
9840 8
9841 2
9842 1
9843 10
9844 3
9845 6
9846 5
9847 4
9848 3
9849 6
9850 9
9851 9
9852 2
9853 4
9854 10
9855 1
9856 7
9857 6
9858 8
9859 8
9860 5
9861 6
9862 5
9863 6
9864 3
9865 2
9866 3
9867 3
9868 5
9869 9
9870 9
9871 3
9872 10
9873 10
9874 8
9875 4
9876 2
9877 2
9878 3
9879 4
9880 4
9881 9
9882 9
9883 1
9884 4
9885 6
9886 10
9887 8
9888 1
9889 8
9890 2
9891 6
9892 10
9893 7
9894 8
9895 2
9896 6
9897 5
9898 4
9899 3
9900 8
9901 5
9902 3
9903 5
9904 5
9905 8
9906 2
9907 9
9908 2
9909 5
9910 6
9911 4
9912 4
9913 1
9914 1
9915 1
9916 9
9917 9
9918 1
9919 3
9920 1
9921 3
9922 5
9923 10
9924 10
9925 7
9926 3
9927 5
9928 4
9929 4
9930 7
9931 9
9932 6
9933 4
9934 1
9935 10
9936 4
9937 1
9938 3
9939 5
9940 8
9941 1
9942 9
9943 7
9944 9
9945 4
9946 7
9947 2
9948 4
9949 10
9950 3
9951 2
9952 4
9953 6
9954 7
9955 8
9956 4
9957 5
9958 9
9959 4
9960 5
9961 4
9962 3
9963 5
9964 8
9965 6
9966 8
9967 9
9968 3
9969 10
9970 8
9971 6
9972 3
9973 3
9974 1
9975 9
9976 6
9977 1
9978 4
9979 6
9980 1
9981 6
9982 8
9983 10
9984 8
9985 9
9986 5
9987 6
9988 1
9989 10
9990 4
9991 7
9992 10
9993 2
9994 4
9995 9
9996 2
9997 1
9998 3
9999 8
