0 1206
1 85
2 242
3 30
4 351
5 141
6 240
7 230
8 209
9 171
10 35
11 179
12 358
13 190
14 253
15 88
16 65
17 263
18 206
19 73
20 65
21 91
22 67
23 119
24 130
25 163
26 23
27 50
28 38
29 3
30 1
31 74
32 84
33 97
34 70
35 72
36 129
37 41
38 18
39 46
40 146
41 114
42 169
43 73
44 22
45 159
46 70
47 6
48 6
49 95
50 173
51 112
52 27
53 22
54 96
55 21
56 39
57 143
58 84
59 155
60 41
61 65
62 8
63 91
64 68
65 29
66 120
67 42
68 69
69 133
70 100
71 116
72 28
73 42
74 45
75 11
76 7
77 54
78 122
79 37
80 44
81 65
82 71
83 139
84 59
85 57
86 60
87 92
88 72
89 22
90 111
91 13
92 11
93 30
94 73
95 79
96 2
97 73
98 72
99 29
100 28
101 48
102 43
103 60
104 5
105 121
106 7
107 26
108 39
109 51
110 62
111 64
112 109
113 63
114 35
115 7
116 67
117 20
118 42
119 44
120 17
121 14
122 42
123 10
124 20
125 61
126 2
127 3
128 17
129 42
130 11
131 36
132 55
133 7
134 2
135 20
136 71
137 24
138 66
139 12
140 66
141 94
142 100
143 45
144 5
145 69
146 76
147 92
148 52
149 40
150 49
151 100
152 64
153 28
154 12
155 47
156 55
157 82
158 49
159 10
160 77
161 23
162 1
163 37
164 51
165 26
166 52
167 12
168 12
169 38
170 15
171 13
172 15
173 15
174 30
175 44
176 13
177 28
178 28
179 80
180 20
181 16
182 36
183 46
184 22
185 12
186 26
187 29
188 7
189 50
190 98
191 24
192 52
193 83
194 44
195 68
196 29
197 41
198 39
199 116
200 21
201 43
202 74
203 27
204 16
205 22
206 52
207 77
208 5
209 22
210 60
211 72
212 78
213 30
214 33
215 57
216 44
217 3
218 18
219 4
220 72
221 6
222 5
223 28
224 42
225 17
226 49
227 24
228 33
229 64
230 17
231 38
232 64
233 60
234 56
235 50
236 26
237 18
238 13
239 22
240 64
241 23
242 56
243 25
244 34
245 17
246 27
247 57
248 8
249 12
250 43
251 75
252 38
253 4
254 37
255 39
256 7
257 1
258 37
259 3
260 27
261 51
262 15
263 67
264 21
265 10
266 5
267 39
268 45
269 47
270 30
271 7
272 2
273 51
274 2
275 7
276 52
277 2
278 31
279 2
280 1
281 15
282 24
283 14
284 20
285 30
286 4
287 56
288 1
289 3
290 13
291 25
292 4
293 15
294 81
295 54
296 7
297 17
298 26
299 24
300 21
301 20
302 21
303 7
304 15
305 13
306 37
307 26
308 36
309 44
310 15
311 2
312 1
313 12
314 65
315 5
316 1
317 24
318 40
319 27
320 23
321 5
322 23
323 45
324 31
325 11
326 27
327 6
328 36
329 10
330 8
331 44
332 38
333 39
334 30
335 37
336 25
337 23
338 5
339 23
340 18
341 10
342 55
343 34
344 20
345 2
346 27
347 25
348 12
349 54
350 18
351 13
352 11
353 5
354 46
355 35
356 6
357 67
358 49
359 44
360 40
361 20
362 34
363 23
364 24
365 55
366 47
367 30
368 30
369 14
370 8
371 38
372 13
373 24
374 3
375 2
376 10
377 2
378 4
379 38
380 28
381 36
382 30
383 14
384 7
385 43
386 24
387 7
388 59
389 42
390 7
391 8
392 3
393 19
394 23
395 41
396 25
397 29
398 29
399 31
400 32
401 43
402 15
403 7
404 46
405 49
406 15
407 60
408 22
409 40
410 12
411 40
412 25
413 31
414 34
415 28
416 21
417 4
418 3
419 6
420 24
421 26
422 5
423 33
424 2
425 38
426 10
427 6
428 17
429 51
430 19
431 5
432 30
433 19
434 59
435 38
436 39
437 7
438 3
439 41
440 52
441 7
442 3
443 12
444 10
445 41
446 9
447 14
448 12
449 10
450 47
451 47
452 20
453 26
454 27
455 29
456 9
457 23
458 17
459 32
460 30
461 35
462 20
463 44
464 10
465 35
466 4
467 29
468 44
469 38
470 21
471 6
472 5
473 18
474 14
475 37
476 29
477 37
478 22
479 27
480 23
481 32
482 17
483 5
484 34
485 44
486 20
487 36
488 32
489 6
490 4
491 13
492 18
493 22
494 8
495 38
496 41
497 20
498 27
499 15
500 9
501 40
502 25
503 27
504 27
505 15
506 43
507 7
508 27
509 38
510 7
511 44
512 19
513 17
514 23
515 11
516 19
517 9
518 1
519 18
520 30
521 18
522 30
523 30
524 29
525 9
526 27
527 26
528 26
529 3
530 17
531 32
532 57
533 16
534 5
535 3
536 16
537 20
538 52
539 12
540 48
541 7
542 41
543 14
544 49
545 25
546 29
547 35
548 6
549 39
550 40
551 54
552 35
553 33
554 41
555 17
556 68
557 18
558 42
559 57
560 4
561 31
562 5
563 24
564 9
565 53
566 2
567 19
568 9
569 44
570 7
571 10
572 48
573 12
574 39
575 14
576 28
577 17
578 14
579 28
580 1
581 16
582 33
583 43
584 24
585 17
586 27
587 19
588 15
589 21
590 14
591 18
592 13
593 21
594 21
595 23
596 17
597 2
598 2
599 6
600 37
601 6
602 31
603 8
604 30
605 14
606 5
607 25
608 14
609 20
610 9
611 27
612 12
613 12
614 13
615 5
616 2
617 23
618 20
619 18
620 6
621 10
622 21
623 1
624 33
625 15
626 33
627 21
628 4
629 4
630 30
631 17
632 3
633 15
634 9
635 22
636 30
637 18
638 19
639 13
640 21
641 13
642 14
643 22
644 37
645 3
646 15
647 2
648 13
649 4
650 15
651 12
652 29
653 7
654 20
655 2
656 26
657 18
658 34
659 10
660 11
661 16
662 20
663 17
664 3
665 17
666 24
667 8
668 25
669 27
670 5
671 41
672 11
673 25
674 12
675 30
676 6
677 23
678 45
679 6
680 27
681 27
682 10
683 21
684 37
685 42
686 34
687 2
688 7
689 11
690 4
691 10
692 1
693 11
694 37
695 6
696 30
697 34
698 34
699 5
700 18
701 23
702 5
703 28
704 26
705 34
706 31
707 33
708 18
709 8
710 24
711 4
712 29
713 7
714 50
715 24
716 9
717 37
718 17
719 28
720 23
721 28
722 5
723 14
724 13
725 7
726 5
727 12
728 42
729 15
730 9
731 21
732 16
733 33
734 13
735 24
736 18
737 26
738 4
739 27
740 30
741 10
742 1
743 36
744 14
745 18
746 15
747 31
748 29
749 7
750 15
751 28
752 8
753 4
754 22
755 17
756 14
757 12
758 6
759 21
760 25
761 22
762 42
763 12
764 17
765 13
766 31
767 20
768 41
769 13
770 26
771 13
772 14
773 37
774 18
775 29
776 15
777 14
778 1
779 6
780 9
781 6
782 20
783 2
784 27
785 13
786 25
787 26
788 6
789 27
790 8
791 1
792 9
793 29
794 9
795 6
796 27
797 48
798 23
799 4
800 22
801 5
802 33
803 17
804 6
805 13
806 8
807 14
808 11
809 5
810 36
811 10
812 23
813 8
814 17
815 4
816 4
817 30
818 24
819 27
820 7
821 24
822 6
823 44
824 40
825 12
826 28
827 3
828 2
829 16
830 21
831 36
832 9
833 14
834 22
835 23
836 20
837 3
838 27
839 8
840 6
841 3
842 5
843 6
844 26
845 13
846 3
847 30
848 17
849 8
850 10
851 18
852 21
853 18
854 1
855 27
856 2
857 24
858 12
859 4
860 2
861 3
862 36
863 17
864 41
865 15
866 23
867 1
868 9
869 6
870 14
871 17
872 5
873 9
874 20
875 14
876 33
877 24
878 21
879 8
880 13
881 6
882 21
883 16
884 14
885 32
886 15
887 27
888 28
889 5
890 7
891 14
892 28
893 17
894 32
895 40
896 14
897 3
898 30
899 32
900 15
901 32
902 21
903 4
904 2
905 18
906 14
907 12
908 16
909 12
910 33
911 8
912 1
913 34
914 15
915 31
916 11
917 21
918 20
919 9
920 10
921 7
922 45
923 12
924 19
925 27
926 39
927 19
928 4
929 37
930 6
931 1
932 32
933 32
934 12
935 4
936 9
937 11
938 12
939 20
940 12
941 22
942 13
943 5
944 6
945 26
946 2
947 5
948 18
949 25
950 4
951 1
952 31
953 8
954 20
955 16
956 8
957 14
958 20
959 6
960 5
961 9
962 9
963 35
964 22
965 16
966 16
967 14
968 29
969 38
970 31
971 10
972 1
973 19
974 28
975 8
976 19
977 14
978 24
979 39
980 31
981 18
982 8
983 15
984 2
985 2
986 14
987 8
988 21
989 18
990 16
991 40
992 17
993 39
994 43
995 2
996 3
997 20
998 9
999 19
1000 10
1001 17
1002 2
1003 35
1004 8
1005 9
1006 19
1007 21
1008 12
1009 10
1010 15
1011 17
1012 21
1013 2
1014 27
1015 10
1016 6
1017 15
1018 15
1019 31
1020 28
1021 24
1022 16
1023 42
1024 7
1025 27
1026 25
1027 29
1028 11
1029 9
1030 21
1031 29
1032 15
1033 22
1034 29
1035 29
1036 14
1037 19
1038 1
1039 3
1040 13
1041 53
1042 3
1043 9
1044 13
1045 17
1046 19
1047 22
1048 11
1049 19
1050 17
1051 31
1052 15
1053 18
1054 33
1055 8
1056 19
1057 17
1058 11
1059 39
1060 2
1061 16
1062 22
1063 15
1064 13
1065 24
1066 3
1067 23
1068 26
1069 12
1070 13
1071 21
1072 24
1073 14
1074 16
1075 6
1076 19
1077 3
1078 1
1079 36
1080 25
1081 19
1082 21
1083 44
1084 27
1085 19
1086 2
1087 5
1088 26
1089 24
1090 32
1091 14
1092 7
1093 3
1094 12
1095 12
1096 27
1097 20
1098 13
1099 23
1100 6
1101 2
1102 30
1103 19
1104 41
1105 11
1106 9
1107 19
1108 5
1109 19
1110 12
1111 18
1112 9
1113 13
1114 9
1115 6
1116 2
1117 8
1118 11
1119 31
1120 20
1121 38
1122 10
1123 24
1124 20
1125 10
1126 11
1127 18
1128 15
1129 11
1130 19
1131 17
1132 16
1133 16
1134 9
1135 5
1136 11
1137 14
1138 25
1139 31
1140 33
1141 17
1142 15
1143 24
1144 1
1145 25
1146 1
1147 12
1148 8
1149 21
1150 12
1151 14
1152 20
1153 23
1154 11
1155 37
1156 2
1157 24
1158 2
1159 7
1160 3
1161 5
1162 19
1163 34
1164 17
1165 19
1166 28
1167 21
1168 27
1169 18
1170 33
1171 11
1172 8
1173 20
1174 7
1175 8
1176 7
1177 5
1178 30
1179 2
1180 23
1181 19
1182 2
1183 26
1184 10
1185 15
1186 11
1187 13
1188 25
1189 12
1190 6
1191 16
1192 2
1193 20
1194 20
1195 20
1196 24
1197 13
1198 22
1199 11
1200 10
1201 11
1202 6
1203 10
1204 18
1205 22
1206 33
1207 13
1208 47
1209 21
1210 14
1211 25
1212 12
1213 26
1214 21
1215 24
1216 16
1217 14
1218 27
1219 24
1220 21
1221 19
1222 6
1223 22
1224 24
1225 29
1226 18
1227 8
1228 24
1229 25
1230 28
1231 17
1232 32
1233 27
1234 19
1235 36
1236 10
1237 1
1238 20
1239 23
1240 1
1241 2
1242 16
1243 12
1244 13
1245 24
1246 28
1247 16
1248 13
1249 24
1250 21
1251 15
1252 22
1253 29
1254 32
1255 14
1256 8
1257 15
1258 4
1259 24
1260 11
1261 32
1262 4
1263 6
1264 28
1265 17
1266 8
1267 6
1268 18
1269 27
1270 2
1271 4
1272 5
1273 11
1274 14
1275 8
1276 16
1277 19
1278 21
1279 15
1280 13
1281 12
1282 37
1283 16
1284 19
1285 9
1286 6
1287 8
1288 30
1289 18
1290 21
1291 8
1292 2
1293 7
1294 7
1295 26
1296 13
1297 15
1298 9
1299 10
1300 27
1301 9
1302 21
1303 22
1304 28
1305 36
1306 24
1307 14
1308 9
1309 27
1310 21
1311 9
1312 14
1313 28
1314 21
1315 15
1316 16
1317 3
1318 12
1319 18
1320 24
1321 10
1322 11
1323 1
1324 12
1325 5
1326 17
1327 10
1328 23
1329 20
1330 17
1331 12
1332 24
1333 4
1334 22
1335 7
1336 31
1337 27
1338 6
1339 17
1340 30
1341 22
1342 16
1343 10
1344 21
1345 22
1346 12
1347 18
1348 19
1349 4
1350 4
1351 36
1352 8
1353 12
1354 5
1355 3
1356 21
1357 11
1358 6
1359 6
1360 17
1361 15
1362 24
1363 2
1364 23
1365 3
1366 3
1367 14
1368 29
1369 1
1370 9
1371 27
1372 28
1373 4
1374 10
1375 27
1376 16
1377 16
1378 11
1379 15
1380 13
1381 34
1382 22
1383 15
1384 16
1385 26
1386 16
1387 1
1388 6
1389 7
1390 1
1391 21
1392 20
1393 7
1394 24
1395 12
1396 17
1397 26
1398 8
1399 13
1400 3
1401 25
1402 12
1403 5
1404 28
1405 14
1406 1
1407 10
1408 49
1409 14
1410 25
1411 34
1412 15
1413 14
1414 18
1415 5
1416 2
1417 5
1418 13
1419 16
1420 10
1421 7
1422 14
1423 15
1424 7
1425 1
1426 9
1427 10
1428 8
1429 15
1430 20
1431 3
1432 9
1433 42
1434 31
1435 10
1436 8
1437 9
1438 4
1439 12
1440 24
1441 23
1442 5
1443 6
1444 7
1445 30
1446 2
1447 29
1448 32
1449 3
1450 11
1451 3
1452 36
1453 27
1454 17
1455 22
1456 37
1457 12
1458 20
1459 21
1460 22
1461 3
1462 2
1463 32
1464 17
1465 30
1466 6
1467 19
1468 13
1469 4
1470 2
1471 12
1472 23
1473 30
1474 14
1475 17
1476 6
1477 35
1478 24
1479 2
1480 11
1481 25
1482 41
1483 14
1484 19
1485 6
1486 32
1487 13
1488 18
1489 31
1490 1
1491 15
1492 17
1493 29
1494 11
1495 19
1496 1
1497 9
1498 17
1499 22
1500 35
1501 2
1502 7
1503 19
1504 8
1505 3
1506 6
1507 20
1508 11
1509 4
1510 24
1511 13
1512 5
1513 21
1514 11
1515 9
1516 21
1517 13
1518 18
1519 4
1520 14
1521 7
1522 5
1523 12
1524 24
1525 20
1526 19
1527 3
1528 19
1529 23
1530 3
1531 2
1532 12
1533 15
1534 10
1535 30
1536 7
1537 33
1538 1
1539 5
1540 18
1541 25
1542 20
1543 11
1544 4
1545 7
1546 40
1547 11
1548 12
1549 13
1550 18
1551 4
1552 7
1553 20
1554 1
1555 10
1556 13
1557 19
1558 12
1559 8
1560 14
1561 10
1562 4
1563 19
1564 32
1565 18
1566 14
1567 24
1568 18
1569 7
1570 3
1571 18
1572 13
1573 7
1574 33
1575 29
1576 18
1577 18
1578 2
1579 28
1580 2
1581 22
1582 3
1583 10
1584 17
1585 12
1586 6
1587 11
1588 16
1589 15
1590 25
1591 4
1592 16
1593 23
1594 7
1595 12
1596 13
1597 18
1598 34
1599 16
1600 10
1601 25
1602 17
1603 11
1604 3
1605 18
1606 15
1607 9
1608 12
1609 18
1610 13
1611 2
1612 6
1613 8
1614 4
1615 13
1616 19
1617 1
1618 5
1619 13
1620 14
1621 19
1622 10
1623 17
1624 10
1625 20
1626 22
1627 18
1628 4
1629 12
1630 7
1631 16
1632 27
1633 11
1634 37
1635 1
1636 25
1637 8
1638 20
1639 14
1640 19
1641 36
1642 28
1643 12
1644 1
1645 16
1646 1
1647 32
1648 9
1649 16
1650 2
1651 10
1652 25
1653 20
1654 20
1655 8
1656 31
1657 13
1658 19
1659 3
1660 11
1661 2
1662 12
1663 42
1664 14
1665 19
1666 5
1667 16
1668 5
1669 24
1670 17
1671 1
1672 9
1673 17
1674 17
1675 12
1676 18
1677 21
1678 14
1679 13
1680 2
1681 8
1682 12
1683 2
1684 26
1685 5
1686 5
1687 5
1688 4
1689 15
1690 19
1691 1
1692 11
1693 17
1694 26
1695 10
1696 34
1697 9
1698 8
1699 1
1700 24
1701 11
1702 24
1703 6
1704 26
1705 15
1706 3
1707 8
1708 20
1709 24
1710 30
1711 23
1712 8
1713 19
1714 6
1715 11
1716 17
1717 15
1718 4
1719 6
1720 15
1721 28
1722 26
1723 7
1724 15
1725 5
1726 2
1727 19
1728 24
1729 5
1730 9
1731 20
1732 5
1733 22
1734 20
1735 21
1736 11
1737 21
1738 10
1739 11
1740 15
1741 18
1742 7
1743 26
1744 24
1745 14
1746 1
1747 22
1748 8
1749 1
1750 20
1751 28
1752 27
1753 17
1754 6
1755 10
1756 1
1757 11
1758 12
1759 9
1760 33
1761 3
1762 2
1763 12
1764 18
1765 14
1766 6
1767 21
1768 2
1769 3
1770 21
1771 31
1772 12
1773 9
1774 5
1775 5
1776 10
1777 8
1778 21
1779 23
1780 9
1781 19
1782 13
1783 5
1784 16
1785 16
1786 18
1787 20
1788 27
1789 2
1790 12
1791 16
1792 14
1793 18
1794 13
1795 10
1796 13
1797 9
1798 12
1799 8
1800 7
1801 13
1802 26
1803 31
1804 17
1805 20
1806 20
1807 21
1808 19
1809 9
1810 26
1811 8
1812 8
1813 18
1814 19
1815 26
1816 17
1817 9
1818 7
1819 26
1820 3
1821 7
1822 5
1823 3
1824 14
1825 15
1826 12
1827 5
1828 3
1829 5
1830 18
1831 14
1832 6
1833 11
1834 9
1835 21
1836 18
1837 12
1838 6
1839 17
1840 13
1841 17
1842 22
1843 8
1844 2
1845 22
1846 19
1847 11
1848 13
1849 20
1850 1
1851 2
1852 14
1853 23
1854 20
1855 16
1856 21
1857 22
1858 15
1859 11
1860 11
1861 21
1862 10
1863 14
1864 23
1865 28
1866 20
1867 3
1868 17
1869 7
1870 24
1871 23
1872 12
1873 13
1874 6
1875 1
1876 21
1877 1
1878 20
1879 1
1880 18
1881 13
1882 19
1883 27
1884 6
1885 18
1886 1
1887 7
1888 16
1889 5
1890 9
1891 10
1892 3
1893 2
1894 11
1895 5
1896 6
1897 2
1898 1
1899 11
1900 15
1901 10
1902 12
1903 6
1904 8
1905 22
1906 20
1907 23
1908 13
1909 18
1910 10
1911 4
1912 13
1913 22
1914 11
1915 10
1916 10
1917 8
1918 5
1919 17
1920 8
1921 15
1922 3
1923 4
1924 5
1925 14
1926 16
1927 4
1928 13
1929 12
1930 11
1931 19
1932 24
1933 14
1934 4
1935 5
1936 28
1937 16
1938 22
1939 10
1940 22
1941 17
1942 12
1943 4
1944 17
1945 8
1946 13
1947 10
1948 17
1949 5
1950 8
1951 5
1952 30
1953 12
1954 11
1955 1
1956 12
1957 22
1958 16
1959 1
1960 13
1961 11
1962 19
1963 4
1964 24
1965 4
1966 3
1967 9
1968 14
1969 1
1970 6
1971 23
1972 3
1973 3
1974 8
1975 5
1976 6
1977 15
1978 8
1979 15
1980 9
1981 16
1982 2
1983 8
1984 14
1985 12
1986 5
1987 26
1988 14
1989 10
1990 21
1991 10
1992 21
1993 4
1994 8
1995 3
1996 23
1997 16
1998 17
1999 21
2000 4
2001 22
2002 7
2003 5
2004 15
2005 5
2006 6
2007 27
2008 15
2009 22
2010 11
2011 21
2012 2
2013 27
2014 12
2015 30
2016 7
2017 20
2018 15
2019 11
2020 8
2021 9
2022 8
2023 5
2024 7
2025 10
2026 16
2027 14
2028 22
2029 18
2030 3
2031 9
2032 9
2033 7
2034 4
2035 14
2036 3
2037 14
2038 14
2039 24
2040 2
2041 17
2042 5
2043 13
2044 2
2045 13
2046 27
2047 22
2048 19
2049 19
2050 16
2051 4
2052 12
2053 7
2054 1
2055 3
2056 2
2057 17
2058 11
2059 27
2060 13
2061 5
2062 14
2063 16
2064 3
2065 8
2066 18
2067 5
2068 33
2069 15
2070 8
2071 7
2072 25
2073 22
2074 17
2075 9
2076 8
2077 3
2078 14
2079 12
2080 23
2081 12
2082 24
2083 16
2084 12
2085 16
2086 4
2087 11
2088 13
2089 15
2090 20
2091 2
2092 28
2093 20
2094 11
2095 15
2096 11
2097 12
2098 2
2099 15
2100 7
2101 2
2102 15
2103 4
2104 27
2105 17
2106 2
2107 17
2108 12
2109 14
2110 11
2111 4
2112 25
2113 9
2114 6
2115 13
2116 16
2117 22
2118 7
2119 7
2120 22
2121 7
2122 7
2123 24
2124 6
2125 6
2126 11
2127 3
2128 9
2129 10
2130 18
2131 14
2132 7
2133 2
2134 21
2135 9
2136 9
2137 7
2138 27
2139 19
2140 17
2141 2
2142 15
2143 10
2144 23
2145 16
2146 8
2147 26
2148 3
2149 15
2150 1
2151 2
2152 5
2153 3
2154 11
2155 12
2156 16
2157 20
2158 4
2159 14
2160 28
2161 21
2162 14
2163 1
2164 19
2165 16
2166 19
2167 1
2168 10
2169 2
2170 6
2171 5
2172 14
2173 22
2174 14
2175 5
2176 15
2177 3
2178 7
2179 2
2180 11
2181 1
2182 3
2183 9
2184 7
2185 4
2186 2
2187 22
2188 6
2189 14
2190 11
2191 8
2192 1
2193 9
2194 15
2195 17
2196 6
2197 1
2198 13
2199 7
2200 10
2201 12
2202 1
2203 1
2204 18
2205 7
2206 26
2207 1
2208 1
2209 7
2210 9
2211 33
2212 3
2213 7
2214 17
2215 7
2216 5
2217 2
2218 14
2219 23
2220 13
2221 11
2222 17
2223 3
2224 10
2225 16
2226 35
2227 17
2228 19
2229 18
2230 7
2231 7
2232 15
2233 20
2234 13
2235 17
2236 5
2237 7
2238 4
2239 18
2240 21
2241 5
2242 6
2243 7
2244 14
2245 1
2246 1
2247 7
2248 21
2249 21
2250 23
2251 22
2252 22
2253 16
2254 4
2255 22
2256 13
2257 9
2258 2
2259 6
2260 16
2261 17
2262 14
2263 5
2264 12
2265 3
2266 18
2267 3
2268 5
2269 23
2270 16
2271 1
2272 26
2273 16
2274 37
2275 16
2276 15
2277 5
2278 8
2279 24
2280 16
2281 11
2282 14
2283 21
2284 7
2285 9
2286 10
2287 19
2288 19
2289 28
2290 16
2291 8
2292 1
2293 12
2294 15
2295 15
2296 22
2297 10
2298 5
2299 18
2300 17
2301 9
2302 24
2303 16
2304 20
2305 11
2306 11
2307 17
2308 16
2309 8
2310 17
2311 17
2312 14
2313 1
2314 9
2315 1
2316 2
2317 26
2318 14
2319 22
2320 12
2321 31
2322 8
2323 26
2324 4
2325 32
2326 16
2327 13
2328 4
2329 18
2330 6
2331 10
2332 21
2333 15
2334 14
2335 13
2336 11
2337 5
2338 7
2339 16
2340 11
2341 19
2342 9
2343 18
2344 5
2345 14
2346 6
2347 22
2348 13
2349 12
2350 8
2351 3
2352 15
2353 5
2354 14
2355 13
2356 1
2357 28
2358 7
2359 3
2360 2
2361 5
2362 19
2363 21
2364 15
2365 1
2366 13
2367 18
2368 4
2369 9
2370 9
2371 22
2372 15
2373 28
2374 16
2375 11
2376 11
2377 12
2378 5
2379 8
2380 26
2381 10
2382 11
2383 21
2384 1
2385 7
2386 6
2387 19
2388 18
2389 32
2390 16
2391 2
2392 5
2393 14
2394 1
2395 11
2396 19
2397 2
2398 11
2399 21
2400 17
2401 18
2402 14
2403 15
2404 8
2405 5
2406 10
2407 6
2408 16
2409 21
2410 18
2411 12
2412 4
2413 9
2414 18
2415 7
2416 7
2417 1
2418 17
2419 4
2420 20
2421 16
2422 11
2423 17
2424 6
2425 14
2426 13
2427 5
2428 17
2429 1
2430 20
2431 24
2432 6
2433 13
2434 6
2435 17
2436 13
2437 14
2438 2
2439 6
2440 1
2441 6
2442 10
2443 1
2444 5
2445 2
2446 4
2447 6
2448 9
2449 6
2450 20
2451 2
2452 1
2453 13
2454 19
2455 8
2456 11
2457 21
2458 11
2459 9
2460 18
2461 17
2462 4
2463 8
2464 3
2465 7
2466 18
2467 1
2468 1
2469 8
2470 21
2471 6
2472 1
2473 18
2474 16
2475 12
2476 4
2477 13
2478 16
2479 2
2480 16
2481 17
2482 13
2483 12
2484 13
2485 8
2486 10
2487 13
2488 14
2489 13
2490 7
2491 24
2492 26
2493 19
2494 12
2495 8
2496 6
2497 3
2498 19
2499 14
2500 11
2501 16
2502 8
2503 5
2504 14
2505 15
2506 2
2507 16
2508 18
2509 11
2510 2
2511 16
2512 17
2513 11
2514 17
2515 2
2516 8
2517 20
2518 12
2519 15
2520 19
2521 6
2522 7
2523 8
2524 12
2525 14
2526 13
2527 6
2528 16
2529 8
2530 12
2531 11
2532 10
2533 9
2534 4
2535 6
2536 12
2537 7
2538 6
2539 7
2540 7
2541 12
2542 16
2543 2
2544 17
2545 11
2546 10
2547 7
2548 16
2549 16
2550 1
2551 7
2552 9
2553 1
2554 15
2555 11
2556 13
2557 20
2558 23
2559 20
2560 6
2561 11
2562 2
2563 11
2564 1
2565 2
2566 6
2567 5
2568 13
2569 13
2570 1
2571 18
2572 21
2573 10
2574 19
2575 23
2576 15
2577 16
2578 19
2579 3
2580 3
2581 20
2582 17
2583 7
2584 17
2585 8
2586 19
2587 6
2588 3
2589 4
2590 5
2591 7
2592 6
2593 9
2594 8
2595 1
2596 17
2597 8
2598 12
2599 10
2600 7
2601 1
2602 16
2603 16
2604 7
2605 13
2606 6
2607 15
2608 9
2609 14
2610 21
2611 11
2612 2
2613 7
2614 8
2615 3
2616 1
2617 3
2618 3
2619 19
2620 15
2621 18
2622 5
2623 6
2624 7
2625 2
2626 9
2627 4
2628 17
2629 2
2630 7
2631 14
2632 12
2633 6
2634 15
2635 11
2636 7
2637 3
2638 11
2639 16
2640 18
2641 12
2642 7
2643 4
2644 2
2645 10
2646 17
2647 14
2648 1
2649 17
2650 5
2651 11
2652 4
2653 4
2654 1
2655 14
2656 26
2657 16
2658 11
2659 9
2660 14
2661 21
2662 12
2663 3
2664 20
2665 10
2666 11
2667 9
2668 14
2669 18
2670 15
2671 7
2672 7
2673 10
2674 14
2675 8
2676 3
2677 17
2678 11
2679 4
2680 12
2681 17
2682 1
2683 1
2684 12
2685 6
2686 4
2687 3
2688 16
2689 2
2690 16
2691 15
2692 3
2693 10
2694 7
2695 15
2696 8
2697 9
2698 13
2699 6
2700 8
2701 20
2702 10
2703 3
2704 12
2705 7
2706 4
2707 13
2708 15
2709 21
2710 22
2711 3
2712 9
2713 15
2714 5
2715 15
2716 7
2717 18
2718 6
2719 9
2720 19
2721 5
2722 1
2723 8
2724 20
2725 4
2726 13
2727 8
2728 6
2729 13
2730 7
2731 16
2732 12
2733 12
2734 11
2735 21
2736 18
2737 18
2738 16
2739 23
2740 7
2741 2
2742 19
2743 4
2744 8
2745 13
2746 4
2747 8
2748 11
2749 5
2750 9
2751 4
2752 28
2753 10
2754 1
2755 1
2756 2
2757 2
2758 2
2759 17
2760 1
2761 21
2762 15
2763 6
2764 10
2765 1
2766 16
2767 6
2768 10
2769 8
2770 6
2771 14
2772 10
2773 11
2774 19
2775 6
2776 14
2777 8
2778 6
2779 2
2780 3
2781 10
2782 4
2783 18
2784 8
2785 8
2786 7
2787 10
2788 12
2789 15
2790 1
2791 8
2792 13
2793 17
2794 13
2795 31
2796 1
2797 10
2798 15
2799 11
2800 5
2801 14
2802 22
2803 1
2804 11
2805 11
2806 4
2807 8
2808 9
2809 17
2810 5
2811 10
2812 9
2813 11
2814 2
2815 15
2816 12
2817 19
2818 8
2819 14
2820 18
2821 1
2822 20
2823 2
2824 2
2825 17
2826 5
2827 19
2828 7
2829 2
2830 11
2831 6
2832 3
2833 13
2834 7
2835 13
2836 5
2837 12
2838 12
2839 11
2840 19
2841 1
2842 5
2843 17
2844 14
2845 9
2846 5
2847 1
2848 2
2849 8
2850 7
2851 4
2852 5
2853 9
2854 3
2855 14
2856 20
2857 12
2858 21
2859 14
2860 13
2861 30
2862 1
2863 6
2864 19
2865 10
2866 10
2867 3
2868 1
2869 16
2870 17
2871 9
2872 16
2873 14
2874 11
2875 6
2876 20
2877 4
2878 9
2879 13
2880 11
2881 9
2882 19
2883 3
2884 8
2885 14
2886 12
2887 2
2888 10
2889 11
2890 13
2891 4
2892 14
2893 9
2894 5
2895 15
2896 13
2897 13
2898 1
2899 4
2900 6
2901 4
2902 15
2903 6
2904 16
2905 8
2906 11
2907 10
2908 15
2909 15
2910 2
2911 13
2912 19
2913 5
2914 5
2915 4
2916 3
2917 12
2918 24
2919 15
2920 14
2921 1
2922 11
2923 19
2924 12
2925 19
2926 19
2927 11
2928 7
2929 14
2930 5
2931 13
2932 13
2933 15
2934 15
2935 9
2936 26
2937 19
2938 10
2939 15
2940 2
2941 11
2942 10
2943 11
2944 13
2945 1
2946 9
2947 18
2948 5
2949 15
2950 19
2951 4
2952 7
2953 10
2954 12
2955 3
2956 7
2957 18
2958 24
2959 18
2960 7
2961 1
2962 10
2963 2
2964 11
2965 4
2966 6
2967 13
2968 23
2969 3
2970 2
2971 9
2972 13
2973 9
2974 11
2975 15
2976 3
2977 3
2978 8
2979 6
2980 22
2981 5
2982 14
2983 9
2984 15
2985 3
2986 11
2987 15
2988 4
2989 11
2990 2
2991 1
2992 13
2993 5
2994 20
2995 15
2996 18
2997 9
2998 9
2999 2
3000 10
3001 13
3002 6
3003 3
3004 12
3005 11
3006 15
3007 3
3008 1
3009 9
3010 10
3011 3
3012 3
3013 20
3014 7
3015 8
3016 14
3017 3
3018 10
3019 1
3020 8
3021 5
3022 8
3023 14
3024 1
3025 9
3026 8
3027 16
3028 2
3029 3
3030 16
3031 16
3032 11
3033 15
3034 13
3035 11
3036 1
3037 14
3038 11
3039 13
3040 25
3041 9
3042 16
3043 6
3044 8
3045 2
3046 6
3047 20
3048 9
3049 14
3050 6
3051 20
3052 13
3053 14
3054 15
3055 4
3056 9
3057 8
3058 3
3059 17
3060 27
3061 9
3062 4
3063 9
3064 16
3065 17
3066 16
3067 18
3068 12
3069 15
3070 8
3071 10
3072 9
3073 15
3074 5
3075 15
3076 14
3077 2
3078 10
3079 9
3080 6
3081 16
3082 2
3083 5
3084 3
3085 14
3086 3
3087 7
3088 6
3089 12
3090 3
3091 22
3092 1
3093 5
3094 2
3095 1
3096 3
3097 21
3098 13
3099 13
3100 19
3101 4
3102 15
3103 13
3104 1
3105 5
3106 3
3107 13
3108 8
3109 9
3110 8
3111 2
3112 3
3113 25
3114 1
3115 3
3116 2
3117 14
3118 20
3119 10
3120 15
3121 12
3122 18
3123 5
3124 14
3125 9
3126 30
3127 11
3128 5
3129 14
3130 20
3131 2
3132 8
3133 7
3134 12
3135 2
3136 5
3137 14
3138 7
3139 19
3140 8
3141 3
3142 6
3143 9
3144 18
3145 3
3146 13
3147 4
3148 5
3149 13
3150 13
3151 17
3152 14
3153 1
3154 6
3155 11
3156 18
3157 16
3158 7
3159 10
3160 19
3161 10
3162 17
3163 16
3164 5
3165 15
3166 9
3167 12
3168 13
3169 2
3170 5
3171 11
3172 9
3173 11
3174 10
3175 14
3176 11
3177 2
3178 17
3179 3
3180 7
3181 1
3182 13
3183 14
3184 15
3185 4
3186 9
3187 10
3188 10
3189 17
3190 14
3191 2
3192 8
3193 17
3194 12
3195 17
3196 11
3197 13
3198 3
3199 16
3200 3
3201 5
3202 8
3203 22
3204 4
3205 16
3206 5
3207 10
3208 8
3209 6
3210 15
3211 14
3212 15
3213 10
3214 7
3215 8
3216 7
3217 5
3218 17
3219 16
3220 2
3221 9
3222 5
3223 3
3224 7
3225 5
3226 12
3227 12
3228 14
3229 16
3230 13
3231 10
3232 7
3233 18
3234 10
3235 11
3236 5
3237 9
3238 6
3239 11
3240 20
3241 7
3242 10
3243 2
3244 3
3245 2
3246 12
3247 4
3248 1
3249 8
3250 7
3251 19
3252 12
3253 14
3254 9
3255 3
3256 19
3257 8
3258 1
3259 16
3260 19
3261 22
3262 3
3263 6
3264 13
3265 8
3266 5
3267 12
3268 16
3269 18
3270 13
3271 7
3272 9
3273 1
3274 6
3275 5
3276 14
3277 2
3278 19
3279 2
3280 13
3281 6
3282 8
3283 13
3284 5
3285 12
3286 6
3287 5
3288 2
3289 3
3290 16
3291 10
3292 13
3293 1
3294 4
3295 3
3296 10
3297 11
3298 18
3299 21
3300 2
3301 5
3302 9
3303 15
3304 7
3305 20
3306 2
3307 13
3308 17
3309 12
3310 16
3311 11
3312 6
3313 1
3314 11
3315 2
3316 2
3317 1
3318 7
3319 15
3320 13
3321 7
3322 19
3323 8
3324 9
3325 3
3326 7
3327 17
3328 12
3329 15
3330 12
3331 1
3332 19
3333 5
3334 14
3335 20
3336 5
3337 10
3338 7
3339 22
3340 12
3341 8
3342 1
3343 10
3344 4
3345 7
3346 13
3347 15
3348 18
3349 12
3350 5
3351 5
3352 1
3353 8
3354 11
3355 13
3356 9
3357 12
3358 8
3359 3
3360 9
3361 14
3362 13
3363 14
3364 10
3365 20
3366 10
3367 2
3368 13
3369 2
3370 2
3371 16
3372 13
3373 15
3374 7
3375 12
3376 11
3377 6
3378 14
3379 14
3380 10
3381 6
3382 17
3383 2
3384 13
3385 18
3386 18
3387 8
3388 21
3389 3
3390 12
3391 7
3392 8
3393 9
3394 10
3395 10
3396 1
3397 12
3398 5
3399 9
3400 3
3401 8
3402 5
3403 18
3404 9
3405 6
3406 17
3407 4
3408 3
3409 20
3410 9
3411 10
3412 8
3413 7
3414 4
3415 8
3416 20
3417 2
3418 4
3419 1
3420 13
3421 4
3422 19
3423 16
3424 11
3425 18
3426 4
3427 19
3428 15
3429 2
3430 15
3431 3
3432 10
3433 9
3434 12
3435 4
3436 11
3437 8
3438 9
3439 4
3440 16
3441 6
3442 19
3443 3
3444 15
3445 25
3446 1
3447 5
3448 8
3449 13
3450 16
3451 20
3452 3
3453 2
3454 1
3455 15
3456 13
3457 5
3458 1
3459 1
3460 3
3461 5
3462 4
3463 4
3464 3
3465 18
3466 17
3467 8
3468 16
3469 14
3470 12
3471 5
3472 5
3473 19
3474 13
3475 3
3476 2
3477 2
3478 5
3479 9
3480 13
3481 12
3482 5
3483 11
3484 17
3485 4
3486 7
3487 8
3488 7
3489 21
3490 4
3491 18
3492 8
3493 1
3494 15
3495 12
3496 12
3497 8
3498 14
3499 15
3500 11
3501 11
3502 18
3503 11
3504 6
3505 18
3506 8
3507 8
3508 8
3509 14
3510 13
3511 7
3512 8
3513 13
3514 11
3515 10
3516 8
3517 16
3518 9
3519 16
3520 3
3521 1
3522 6
3523 8
3524 27
3525 11
3526 6
3527 3
3528 18
3529 8
3530 3
3531 6
3532 2
3533 15
3534 8
3535 12
3536 8
3537 11
3538 8
3539 4
3540 17
3541 11
3542 9
3543 10
3544 4
3545 15
3546 4
3547 1
3548 7
3549 12
3550 2
3551 1
3552 12
3553 6
3554 8
3555 12
3556 15
3557 12
3558 12
3559 5
3560 1
3561 22
3562 9
3563 4
3564 16
3565 13
3566 8
3567 14
3568 5
3569 12
3570 16
3571 13
3572 8
3573 1
3574 17
3575 9
3576 4
3577 11
3578 16
3579 4
3580 8
3581 9
3582 15
3583 11
3584 3
3585 3
3586 2
3587 19
3588 2
3589 1
3590 13
3591 10
3592 9
3593 12
3594 6
3595 3
3596 11
3597 10
3598 9
3599 15
3600 14
3601 5
3602 2
3603 11
3604 16
3605 1
3606 17
3607 3
3608 14
3609 6
3610 6
3611 9
3612 6
3613 2
3614 18
3615 15
3616 12
3617 9
3618 10
3619 3
3620 3
3621 7
3622 5
3623 3
3624 3
3625 1
3626 19
3627 2
3628 10
3629 15
3630 13
3631 5
3632 2
3633 7
3634 11
3635 8
3636 9
3637 3
3638 2
3639 5
3640 10
3641 9
3642 7
3643 11
3644 5
3645 2
3646 2
3647 13
3648 21
3649 2
3650 17
3651 1
3652 20
3653 14
3654 14
3655 2
3656 3
3657 5
3658 10
3659 8
3660 7
3661 6
3662 2
3663 4
3664 10
3665 17
3666 8
3667 13
3668 13
3669 21
3670 3
3671 3
3672 10
3673 1
3674 18
3675 2
3676 5
3677 11
3678 12
3679 4
3680 9
3681 18
3682 6
3683 15
3684 14
3685 7
3686 4
3687 6
3688 20
3689 14
3690 9
3691 4
3692 14
3693 10
3694 1
3695 15
3696 7
3697 14
3698 14
3699 7
3700 2
3701 7
3702 11
3703 5
3704 19
3705 5
3706 1
3707 2
3708 2
3709 15
3710 10
3711 11
3712 9
3713 6
3714 15
3715 13
3716 6
3717 15
3718 18
3719 18
3720 6
3721 17
3722 9
3723 20
3724 1
3725 10
3726 4
3727 7
3728 4
3729 14
3730 3
3731 14
3732 17
3733 9
3734 1
3735 18
3736 2
3737 5
3738 4
3739 2
3740 7
3741 12
3742 3
3743 17
3744 8
3745 15
3746 15
3747 8
3748 9
3749 11
3750 16
3751 6
3752 15
3753 6
3754 10
3755 11
3756 17
3757 7
3758 12
3759 14
3760 16
3761 13
3762 9
3763 10
3764 9
3765 9
3766 12
3767 18
3768 1
3769 5
3770 5
3771 14
3772 4
3773 17
3774 10
3775 5
3776 11
3777 15
3778 13
3779 6
3780 3
3781 1
3782 6
3783 3
3784 7
3785 16
3786 5
3787 17
3788 17
3789 1
3790 8
3791 7
3792 16
3793 5
3794 8
3795 12
3796 7
3797 8
3798 10
3799 3
3800 9
3801 12
3802 3
3803 9
3804 17
3805 2
3806 6
3807 4
3808 11
3809 2
3810 11
3811 10
3812 15
3813 16
3814 10
3815 14
3816 9
3817 4
3818 9
3819 3
3820 15
3821 5
3822 12
3823 1
3824 11
3825 8
3826 12
3827 3
3828 19
3829 7
3830 5
3831 12
3832 15
3833 13
3834 17
3835 10
3836 7
3837 14
3838 3
3839 6
3840 7
3841 10
3842 13
3843 10
3844 5
3845 14
3846 4
3847 16
3848 4
3849 11
3850 2
3851 2
3852 6
3853 16
3854 14
3855 10
3856 21
3857 12
3858 3
3859 2
3860 8
3861 4
3862 9
3863 7
3864 8
3865 10
3866 7
3867 8
3868 12
3869 12
3870 16
3871 10
3872 15
3873 3
3874 11
3875 10
3876 15
3877 9
3878 1
3879 4
3880 2
3881 6
3882 16
3883 3
3884 6
3885 2
3886 4
3887 2
3888 17
3889 9
3890 9
3891 6
3892 7
3893 10
3894 4
3895 3
3896 7
3897 1
3898 13
3899 19
3900 10
3901 18
3902 10
3903 2
3904 3
3905 14
3906 6
3907 1
3908 11
3909 7
3910 11
3911 8
3912 18
3913 16
3914 11
3915 13
3916 5
3917 20
3918 6
3919 1
3920 16
3921 5
3922 20
3923 4
3924 7
3925 9
3926 15
3927 11
3928 15
3929 1
3930 12
3931 12
3932 16
3933 16
3934 4
3935 4
3936 13
3937 4
3938 11
3939 1
3940 15
3941 13
3942 15
3943 2
3944 13
3945 11
3946 2
3947 12
3948 16
3949 10
3950 1
3951 8
3952 3
3953 10
3954 11
3955 4
3956 3
3957 1
3958 13
3959 11
3960 9
3961 11
3962 10
3963 8
3964 7
3965 1
3966 2
3967 4
3968 13
3969 19
3970 14
3971 13
3972 11
3973 2
3974 11
3975 6
3976 14
3977 1
3978 1
3979 10
3980 11
3981 14
3982 14
3983 13
3984 9
3985 17
3986 13
3987 18
3988 7
3989 10
3990 17
3991 16
3992 7
3993 1
3994 8
3995 10
3996 9
3997 2
3998 6
3999 11
4000 9
4001 20
4002 7
4003 2
4004 7
4005 20
4006 16
4007 11
4008 15
4009 5
4010 5
4011 11
4012 7
4013 13
4014 1
4015 9
4016 6
4017 6
4018 1
4019 8
4020 3
4021 8
4022 10
4023 3
4024 4
4025 14
4026 1
4027 2
4028 2
4029 16
4030 1
4031 11
4032 18
4033 7
4034 4
4035 14
4036 7
4037 6
4038 17
4039 12
4040 15
4041 5
4042 8
4043 11
4044 5
4045 2
4046 14
4047 4
4048 15
4049 9
4050 4
4051 1
4052 1
4053 3
4054 7
4055 17
4056 2
4057 1
4058 10
4059 12
4060 11
4061 9
4062 10
4063 5
4064 2
4065 9
4066 22
4067 12
4068 13
4069 4
4070 5
4071 6
4072 10
4073 15
4074 18
4075 6
4076 11
4077 9
4078 6
4079 14
4080 2
4081 10
4082 6
4083 8
4084 4
4085 1
4086 15
4087 1
4088 3
4089 9
4090 10
4091 5
4092 15
4093 15
4094 12
4095 7
4096 9
4097 14
4098 1
4099 8
4100 7
4101 2
4102 5
4103 11
4104 11
4105 16
4106 6
4107 10
4108 7
4109 3
4110 6
4111 5
4112 12
4113 19
4114 8
4115 15
4116 5
4117 5
4118 14
4119 1
4120 6
4121 5
4122 12
4123 16
4124 3
4125 6
4126 19
4127 12
4128 16
4129 18
4130 19
4131 3
4132 10
4133 11
4134 3
4135 10
4136 17
4137 17
4138 10
4139 4
4140 11
4141 4
4142 10
4143 10
4144 10
4145 2
4146 9
4147 1
4148 4
4149 13
4150 12
4151 9
4152 11
4153 20
4154 5
4155 6
4156 4
4157 14
4158 6
4159 6
4160 13
4161 9
4162 6
4163 11
4164 5
4165 3
4166 4
4167 16
4168 10
4169 6
4170 6
4171 5
4172 9
4173 14
4174 1
4175 12
4176 6
4177 14
4178 4
4179 11
4180 5
4181 6
4182 4
4183 1
4184 5
4185 9
4186 9
4187 2
4188 4
4189 17
4190 8
4191 2
4192 8
4193 10
4194 3
4195 5
4196 5
4197 11
4198 13
4199 10
4200 9
4201 16
4202 12
4203 8
4204 2
4205 14
4206 10
4207 6
4208 4
4209 10
4210 3
4211 10
4212 17
4213 3
4214 9
4215 6
4216 7
4217 10
4218 15
4219 4
4220 2
4221 2
4222 13
4223 1
4224 14
4225 5
4226 17
4227 16
4228 13
4229 13
4230 7
4231 5
4232 10
4233 2
4234 1
4235 2
4236 4
4237 2
4238 9
4239 18
4240 8
4241 6
4242 9
4243 2
4244 10
4245 12
4246 6
4247 3
4248 5
4249 9
4250 1
4251 16
4252 16
4253 3
4254 11
4255 8
4256 19
4257 12
4258 5
4259 3
4260 9
4261 11
4262 8
4263 6
4264 2
4265 5
4266 11
4267 13
4268 3
4269 14
4270 15
4271 2
4272 8
4273 10
4274 9
4275 12
4276 8
4277 7
4278 7
4279 8
4280 3
4281 7
4282 5
4283 10
4284 9
4285 11
4286 1
4287 5
4288 17
4289 9
4290 12
4291 10
4292 7
4293 13
4294 4
4295 1
4296 15
4297 10
4298 3
4299 3
4300 1
4301 10
4302 7
4303 1
4304 12
4305 13
4306 4
4307 11
4308 10
4309 2
4310 16
4311 4
4312 11
4313 11
4314 8
4315 6
4316 14
4317 4
4318 15
4319 13
4320 8
4321 4
4322 4
4323 2
4324 9
4325 6
4326 6
4327 11
4328 10
4329 14
4330 13
4331 15
4332 10
4333 9
4334 3
4335 1
4336 11
4337 10
4338 4
4339 5
4340 3
4341 9
4342 6
4343 20
4344 10
4345 16
4346 1
4347 11
4348 8
4349 2
4350 6
4351 8
4352 10
4353 7
4354 19
4355 2
4356 3
4357 9
4358 8
4359 18
4360 8
4361 8
4362 15
4363 3
4364 11
4365 12
4366 16
4367 9
4368 1
4369 13
4370 15
4371 11
4372 7
4373 2
4374 7
4375 12
4376 3
4377 13
4378 7
4379 8
4380 8
4381 5
4382 9
4383 9
4384 9
4385 3
4386 9
4387 9
4388 12
4389 7
4390 10
4391 7
4392 16
4393 7
4394 19
4395 6
4396 6
4397 8
4398 6
4399 3
4400 9
4401 12
4402 12
4403 14
4404 14
4405 15
4406 4
4407 1
4408 5
4409 2
4410 5
4411 10
4412 17
4413 9
4414 3
4415 14
4416 4
4417 7
4418 2
4419 2
4420 8
4421 16
4422 8
4423 9
4424 6
4425 2
4426 3
4427 6
4428 9
4429 14
4430 5
4431 14
4432 21
4433 5
4434 9
4435 8
4436 7
4437 5
4438 11
4439 19
4440 2
4441 1
4442 13
4443 10
4444 5
4445 12
4446 12
4447 17
4448 8
4449 2
4450 5
4451 16
4452 10
4453 8
4454 13
4455 14
4456 17
4457 8
4458 12
4459 12
4460 7
4461 6
4462 6
4463 3
4464 1
4465 14
4466 14
4467 11
4468 4
4469 13
4470 20
4471 11
4472 10
4473 9
4474 1
4475 8
4476 4
4477 6
4478 9
4479 1
4480 3
4481 10
4482 4
4483 6
4484 15
4485 1
4486 8
4487 2
4488 9
4489 12
4490 3
4491 3
4492 10
4493 7
4494 5
4495 3
4496 7
4497 5
4498 12
4499 8
4500 13
4501 5
4502 9
4503 12
4504 9
4505 6
4506 14
4507 6
4508 5
4509 10
4510 5
4511 13
4512 15
4513 4
4514 1
4515 13
4516 13
4517 3
4518 3
4519 7
4520 2
4521 2
4522 4
4523 4
4524 3
4525 1
4526 14
4527 9
4528 9
4529 10
4530 2
4531 13
4532 5
4533 11
4534 9
4535 11
4536 1
4537 18
4538 16
4539 2
4540 7
4541 5
4542 13
4543 11
4544 1
4545 3
4546 10
4547 10
4548 12
4549 14
4550 2
4551 8
4552 9
4553 11
4554 8
4555 3
4556 9
4557 9
4558 1
4559 8
4560 13
4561 13
4562 1
4563 12
4564 11
4565 1
4566 6
4567 14
4568 8
4569 8
4570 5
4571 4
4572 11
4573 2
4574 6
4575 3
4576 4
4577 9
4578 10
4579 2
4580 14
4581 10
4582 12
4583 10
4584 13
4585 17
4586 5
4587 13
4588 6
4589 3
4590 1
4591 1
4592 13
4593 12
4594 2
4595 12
4596 12
4597 4
4598 11
4599 13
4600 6
4601 8
4602 14
4603 11
4604 6
4605 13
4606 12
4607 12
4608 7
4609 10
4610 12
4611 3
4612 5
4613 7
4614 2
4615 10
4616 12
4617 1
4618 2
4619 4
4620 10
4621 9
4622 1
4623 1
4624 2
4625 9
4626 2
4627 8
4628 13
4629 3
4630 19
4631 11
4632 2
4633 1
4634 3
4635 11
4636 9
4637 12
4638 13
4639 3
4640 12
4641 5
4642 9
4643 9
4644 7
4645 5
4646 2
4647 15
4648 4
4649 14
4650 7
4651 7
4652 6
4653 14
4654 13
4655 13
4656 2
4657 18
4658 12
4659 6
4660 2
4661 5
4662 8
4663 12
4664 5
4665 8
4666 12
4667 1
4668 15
4669 13
4670 23
4671 7
4672 9
4673 8
4674 13
4675 9
4676 5
4677 3
4678 9
4679 7
4680 9
4681 6
4682 8
4683 1
4684 18
4685 8
4686 9
4687 10
4688 7
4689 10
4690 13
4691 6
4692 2
4693 1
4694 13
4695 9
4696 14
4697 2
4698 2
4699 6
4700 16
4701 2
4702 2
4703 12
4704 7
4705 8
4706 1
4707 2
4708 18
4709 5
4710 15
4711 17
4712 6
4713 9
4714 18
4715 21
4716 7
4717 10
4718 3
4719 5
4720 11
4721 14
4722 9
4723 3
4724 6
4725 2
4726 5
4727 4
4728 12
4729 5
4730 11
4731 10
4732 15
4733 17
4734 2
4735 11
4736 6
4737 3
4738 10
4739 11
4740 13
4741 1
4742 3
4743 10
4744 12
4745 4
4746 10
4747 14
4748 11
4749 11
4750 11
4751 17
4752 16
4753 12
4754 1
4755 10
4756 1
4757 7
4758 4
4759 15
4760 11
4761 3
4762 8
4763 7
4764 15
4765 5
4766 3
4767 7
4768 18
4769 22
4770 12
4771 4
4772 6
4773 13
4774 11
4775 10
4776 14
4777 7
4778 11
4779 9
4780 12
4781 16
4782 6
4783 8
4784 8
4785 9
4786 18
4787 10
4788 11
4789 9
4790 13
4791 8
4792 11
4793 9
4794 2
4795 2
4796 5
4797 6
4798 5
4799 8
4800 10
4801 12
4802 9
4803 4
4804 8
4805 15
4806 11
4807 12
4808 4
4809 6
4810 9
4811 13
4812 12
4813 11
4814 18
4815 7
4816 5
4817 12
4818 1
4819 4
4820 6
4821 14
4822 9
4823 7
4824 13
4825 4
4826 2
4827 12
4828 6
4829 18
4830 9
4831 3
4832 5
4833 19
4834 9
4835 11
4836 15
4837 12
4838 2
4839 3
4840 12
4841 5
4842 11
4843 15
4844 11
4845 11
4846 15
4847 7
4848 12
4849 3
4850 5
4851 2
4852 13
4853 1
4854 11
4855 9
4856 5
4857 4
4858 2
4859 13
4860 3
4861 15
4862 16
4863 10
4864 2
4865 5
4866 7
4867 15
4868 6
4869 7
4870 2
4871 18
4872 1
4873 7
4874 9
4875 3
4876 11
4877 1
4878 5
4879 14
4880 18
4881 5
4882 10
4883 10
4884 8
4885 14
4886 18
4887 5
4888 5
4889 3
4890 1
4891 5
4892 3
4893 4
4894 9
4895 3
4896 12
4897 4
4898 11
4899 6
4900 4
4901 6
4902 6
4903 13
4904 2
4905 14
4906 14
4907 9
4908 7
4909 5
4910 15
4911 11
4912 3
4913 7
4914 12
4915 7
4916 17
4917 4
4918 4
4919 11
4920 4
4921 6
4922 3
4923 7
4924 10
4925 8
4926 1
4927 10
4928 3
4929 12
4930 12
4931 13
4932 14
4933 11
4934 3
4935 13
4936 1
4937 8
4938 10
4939 12
4940 3
4941 17
4942 6
4943 11
4944 10
4945 5
4946 12
4947 1
4948 1
4949 1
4950 6
4951 7
4952 7
4953 14
4954 10
4955 3
4956 10
4957 4
4958 10
4959 11
4960 3
4961 8
4962 19
4963 4
4964 8
4965 3
4966 12
4967 19
4968 16
4969 4
4970 16
4971 7
4972 3
4973 18
4974 13
4975 12
4976 7
4977 8
4978 8
4979 15
4980 5
4981 6
4982 2
4983 10
4984 14
4985 1
4986 13
4987 6
4988 10
4989 2
4990 5
4991 15
4992 12
4993 6
4994 5
4995 9
4996 7
4997 12
4998 4
4999 3
5000 15
5001 5
5002 4
5003 15
5004 2
5005 9
5006 8
5007 2
5008 12
5009 7
5010 8
5011 3
5012 8
5013 1
5014 15
5015 2
5016 7
5017 13
5018 9
5019 12
5020 4
5021 13
5022 12
5023 11
5024 4
5025 8
5026 13
5027 11
5028 10
5029 11
5030 5
5031 3
5032 15
5033 5
5034 6
5035 10
5036 6
5037 5
5038 11
5039 4
5040 2
5041 12
5042 5
5043 4
5044 13
5045 12
5046 7
5047 11
5048 16
5049 11
5050 2
5051 9
5052 11
5053 8
5054 17
5055 11
5056 8
5057 8
5058 13
5059 7
5060 4
5061 14
5062 2
5063 6
5064 2
5065 10
5066 2
5067 1
5068 10
5069 12
5070 15
5071 6
5072 12
5073 6
5074 12
5075 8
5076 7
5077 7
5078 6
5079 11
5080 8
5081 16
5082 6
5083 13
5084 6
5085 9
5086 7
5087 14
5088 14
5089 10
5090 7
5091 10
5092 14
5093 17
5094 8
5095 13
5096 2
5097 11
5098 1
5099 13
5100 9
5101 2
5102 7
5103 9
5104 10
5105 10
5106 6
5107 18
5108 5
5109 13
5110 7
5111 6
5112 8
5113 16
5114 11
5115 11
5116 6
5117 5
5118 9
5119 6
5120 10
5121 9
5122 9
5123 15
5124 3
5125 12
5126 6
5127 8
5128 7
5129 12
5130 16
5131 3
5132 4
5133 9
5134 12
5135 2
5136 12
5137 3
5138 6
5139 9
5140 10
5141 12
5142 10
5143 6
5144 2
5145 13
5146 8
5147 1
5148 8
5149 7
5150 8
5151 14
5152 6
5153 11
5154 4
5155 3
5156 2
5157 1
5158 9
5159 10
5160 7
5161 2
5162 9
5163 13
5164 7
5165 2
5166 5
5167 2
5168 7
5169 4
5170 14
5171 4
5172 14
5173 2
5174 8
5175 2
5176 2
5177 4
5178 12
5179 10
5180 13
5181 6
5182 6
5183 13
5184 1
5185 3
5186 2
5187 3
5188 5
5189 5
5190 9
5191 6
5192 2
5193 3
5194 4
5195 4
5196 2
5197 10
5198 12
5199 7
5200 7
5201 13
5202 6
5203 6
5204 7
5205 10
5206 9
5207 7
5208 5
5209 3
5210 4
5211 5
5212 1
5213 6
5214 12
5215 2
5216 11
5217 4
5218 13
5219 5
5220 9
5221 4
5222 9
5223 3
5224 4
5225 2
5226 13
5227 14
5228 10
5229 15
5230 10
5231 5
5232 11
5233 8
5234 3
5235 5
5236 13
5237 11
5238 1
5239 7
5240 4
5241 12
5242 4
5243 11
5244 7
5245 2
5246 11
5247 3
5248 8
5249 7
5250 6
5251 5
5252 1
5253 3
5254 2
5255 1
5256 14
5257 5
5258 15
5259 2
5260 5
5261 1
5262 9
5263 4
5264 5
5265 8
5266 8
5267 16
5268 10
5269 2
5270 5
5271 4
5272 12
5273 8
5274 1
5275 10
5276 1
5277 14
5278 8
5279 4
5280 12
5281 9
5282 10
5283 8
5284 7
5285 7
5286 8
5287 7
5288 12
5289 11
5290 8
5291 2
5292 12
5293 7
5294 8
5295 12
5296 10
5297 4
5298 5
5299 14
5300 5
5301 3
5302 8
5303 5
5304 12
5305 1
5306 5
5307 15
5308 10
5309 8
5310 6
5311 3
5312 13
5313 2
5314 9
5315 1
5316 2
5317 4
5318 13
5319 1
5320 7
5321 10
5322 2
5323 3
5324 14
5325 2
5326 10
5327 9
5328 3
5329 1
5330 9
5331 3
5332 14
5333 9
5334 5
5335 7
5336 6
5337 2
5338 4
5339 13
5340 12
5341 2
5342 9
5343 5
5344 17
5345 10
5346 13
5347 3
5348 9
5349 2
5350 4
5351 3
5352 11
5353 9
5354 10
5355 11
5356 13
5357 11
5358 12
5359 2
5360 6
5361 6
5362 6
5363 19
5364 4
5365 5
5366 7
5367 4
5368 4
5369 13
5370 5
5371 10
5372 7
5373 13
5374 3
5375 10
5376 6
5377 10
5378 1
5379 12
5380 5
5381 10
5382 10
5383 7
5384 8
5385 6
5386 15
5387 6
5388 8
5389 11
5390 6
5391 5
5392 5
5393 4
5394 15
5395 7
5396 11
5397 4
5398 5
5399 3
5400 8
5401 10
5402 7
5403 10
5404 1
5405 9
5406 3
5407 8
5408 12
5409 3
5410 13
5411 8
5412 2
5413 9
5414 1
5415 4
5416 2
5417 9
5418 12
5419 11
5420 9
5421 11
5422 2
5423 9
5424 15
5425 8
5426 1
5427 14
5428 1
5429 14
5430 14
5431 9
5432 8
5433 1
5434 5
5435 9
5436 2
5437 10
5438 13
5439 6
5440 7
5441 10
5442 10
5443 6
5444 3
5445 6
5446 5
5447 4
5448 8
5449 12
5450 7
5451 9
5452 13
5453 3
5454 13
5455 13
5456 10
5457 7
5458 4
5459 1
5460 7
5461 10
5462 8
5463 3
5464 2
5465 4
5466 10
5467 9
5468 6
5469 8
5470 15
5471 5
5472 6
5473 12
5474 7
5475 9
5476 14
5477 4
5478 11
5479 8
5480 10
5481 11
5482 3
5483 2
5484 10
5485 3
5486 11
5487 2
5488 11
5489 8
5490 12
5491 10
5492 2
5493 10
5494 9
5495 11
5496 16
5497 9
5498 3
5499 2
5500 8
5501 4
5502 4
5503 8
5504 9
5505 3
5506 11
5507 7
5508 13
5509 4
5510 12
5511 12
5512 10
5513 9
5514 7
5515 5
5516 13
5517 3
5518 13
5519 13
5520 5
5521 5
5522 16
5523 7
5524 5
5525 5
5526 9
5527 10
5528 4
5529 12
5530 1
5531 6
5532 14
5533 9
5534 13
5535 12
5536 4
5537 3
5538 8
5539 2
5540 6
5541 3
5542 1
5543 2
5544 15
5545 17
5546 8
5547 17
5548 3
5549 4
5550 7
5551 9
5552 10
5553 1
5554 12
5555 12
5556 5
5557 1
5558 9
5559 6
5560 1
5561 11
5562 6
5563 2
5564 6
5565 4
5566 6
5567 9
5568 13
5569 5
5570 2
5571 14
5572 7
5573 9
5574 6
5575 6
5576 5
5577 2
5578 15
5579 8
5580 1
5581 7
5582 2
5583 7
5584 11
5585 11
5586 2
5587 7
5588 2
5589 13
5590 5
5591 8
5592 2
5593 10
5594 5
5595 3
5596 15
5597 8
5598 14
5599 7
5600 9
5601 5
5602 14
5603 6
5604 1
5605 6
5606 10
5607 5
5608 5
5609 4
5610 10
5611 11
5612 3
5613 14
5614 16
5615 6
5616 16
5617 4
5618 6
5619 6
5620 2
5621 8
5622 16
5623 10
5624 12
5625 9
5626 7
5627 12
5628 8
5629 13
5630 13
5631 2
5632 5
5633 4
5634 12
5635 5
5636 8
5637 11
5638 8
5639 15
5640 3
5641 7
5642 3
5643 3
5644 8
5645 13
5646 8
5647 4
5648 7
5649 2
5650 2
5651 8
5652 13
5653 3
5654 14
5655 13
5656 9
5657 7
5658 11
5659 1
5660 1
5661 14
5662 4
5663 15
5664 8
5665 5
5666 10
5667 6
5668 9
5669 9
5670 1
5671 14
5672 1
5673 9
5674 13
5675 6
5676 4
5677 4
5678 11
5679 10
5680 3
5681 9
5682 8
5683 12
5684 6
5685 8
5686 10
5687 9
5688 2
5689 7
5690 5
5691 9
5692 6
5693 6
5694 11
5695 5
5696 8
5697 12
5698 4
5699 12
5700 5
5701 11
5702 10
5703 2
5704 2
5705 15
5706 9
5707 5
5708 6
5709 5
5710 7
5711 2
5712 6
5713 4
5714 12
5715 13
5716 9
5717 1
5718 1
5719 1
5720 7
5721 7
5722 2
5723 10
5724 3
5725 10
5726 8
5727 3
5728 4
5729 17
5730 14
5731 2
5732 10
5733 5
5734 12
5735 5
5736 14
5737 5
5738 9
5739 7
5740 1
5741 12
5742 4
5743 8
5744 6
5745 11
5746 1
5747 10
5748 12
5749 5
5750 16
5751 13
5752 7
5753 9
5754 7
5755 4
5756 14
5757 10
5758 11
5759 7
5760 6
5761 7
5762 7
5763 12
5764 10
5765 1
5766 2
5767 1
5768 14
5769 14
5770 5
5771 11
5772 5
5773 12
5774 7
5775 13
5776 9
5777 9
5778 1
5779 8
5780 4
5781 8
5782 2
5783 11
5784 12
5785 10
5786 4
5787 7
5788 11
5789 10
5790 5
5791 8
5792 1
5793 4
5794 10
5795 7
5796 3
5797 7
5798 12
5799 5
5800 8
5801 14
5802 4
5803 9
5804 1
5805 3
5806 3
5807 4
5808 11
5809 12
5810 1
5811 1
5812 17
5813 6
5814 1
5815 11
5816 12
5817 11
5818 9
5819 2
5820 1
5821 8
5822 6
5823 8
5824 6
5825 1
5826 8
5827 16
5828 7
5829 9
5830 4
5831 8
5832 2
5833 6
5834 9
5835 1
5836 14
5837 13
5838 14
5839 8
5840 9
5841 12
5842 16
5843 5
5844 4
5845 3
5846 3
5847 2
5848 5
5849 9
5850 8
5851 12
5852 1
5853 7
5854 5
5855 3
5856 6
5857 15
5858 2
5859 11
5860 11
5861 4
5862 7
5863 9
5864 2
5865 13
5866 11
5867 4
5868 16
5869 15
5870 17
5871 9
5872 8
5873 14
5874 1
5875 1
5876 8
5877 5
5878 2
5879 12
5880 9
5881 11
5882 10
5883 2
5884 4
5885 2
5886 7
5887 12
5888 8
5889 3
5890 9
5891 18
5892 11
5893 10
5894 11
5895 4
5896 16
5897 6
5898 2
5899 10
5900 2
5901 12
5902 9
5903 5
5904 7
5905 9
5906 5
5907 4
5908 2
5909 8
5910 6
5911 14
5912 10
5913 18
5914 7
5915 1
5916 2
5917 5
5918 1
5919 12
5920 8
5921 11
5922 14
5923 5
5924 7
5925 1
5926 12
5927 11
5928 7
5929 7
5930 13
5931 8
5932 3
5933 15
5934 4
5935 7
5936 8
5937 12
5938 4
5939 10
5940 9
5941 9
5942 11
5943 8
5944 5
5945 6
5946 2
5947 11
5948 6
5949 7
5950 1
5951 7
5952 1
5953 7
5954 1
5955 13
5956 5
5957 4
5958 11
5959 7
5960 9
5961 12
5962 8
5963 10
5964 7
5965 8
5966 8
5967 13
5968 9
5969 8
5970 10
5971 2
5972 10
5973 10
5974 8
5975 4
5976 8
5977 7
5978 6
5979 12
5980 13
5981 1
5982 13
5983 1
5984 1
5985 5
5986 12
5987 8
5988 6
5989 9
5990 2
5991 11
5992 11
5993 3
5994 13
5995 12
5996 5
5997 10
5998 17
5999 17
6000 11
6001 11
6002 1
6003 4
6004 4
6005 12
6006 3
6007 3
6008 3
6009 6
6010 15
6011 5
6012 14
6013 1
6014 6
6015 10
6016 11
6017 14
6018 8
6019 7
6020 6
6021 11
6022 2
6023 3
6024 1
6025 4
6026 13
6027 12
6028 7
6029 12
6030 12
6031 5
6032 5
6033 6
6034 10
6035 5
6036 13
6037 11
6038 5
6039 12
6040 16
6041 15
6042 3
6043 6
6044 1
6045 4
6046 3
6047 7
6048 13
6049 2
6050 6
6051 11
6052 4
6053 5
6054 12
6055 7
6056 7
6057 11
6058 6
6059 3
6060 3
6061 12
6062 4
6063 10
6064 6
6065 9
6066 3
6067 4
6068 8
6069 3
6070 9
6071 6
6072 6
6073 4
6074 12
6075 4
6076 10
6077 14
6078 6
6079 2
6080 6
6081 7
6082 2
6083 11
6084 8
6085 2
6086 6
6087 11
6088 1
6089 10
6090 11
6091 7
6092 3
6093 11
6094 2
6095 3
6096 9
6097 9
6098 2
6099 7
6100 13
6101 8
6102 10
6103 12
6104 2
6105 13
6106 4
6107 5
6108 3
6109 11
6110 3
6111 3
6112 11
6113 4
6114 5
6115 9
6116 8
6117 5
6118 11
6119 9
6120 1
6121 5
6122 13
6123 7
6124 2
6125 11
6126 13
6127 13
6128 1
6129 10
6130 4
6131 11
6132 6
6133 13
6134 7
6135 17
6136 3
6137 3
6138 6
6139 10
6140 5
6141 10
6142 7
6143 1
6144 1
6145 4
6146 3
6147 15
6148 7
6149 1
6150 5
6151 6
6152 9
6153 4
6154 9
6155 9
6156 10
6157 11
6158 15
6159 9
6160 9
6161 3
6162 4
6163 2
6164 2
6165 11
6166 14
6167 8
6168 9
6169 5
6170 13
6171 13
6172 3
6173 9
6174 7
6175 12
6176 1
6177 12
6178 9
6179 8
6180 2
6181 1
6182 7
6183 10
6184 10
6185 13
6186 2
6187 8
6188 3
6189 13
6190 5
6191 2
6192 2
6193 3
6194 2
6195 13
6196 12
6197 7
6198 5
6199 2
6200 3
6201 2
6202 2
6203 11
6204 10
6205 6
6206 7
6207 5
6208 14
6209 15
6210 3
6211 10
6212 5
6213 6
6214 12
6215 12
6216 6
6217 8
6218 11
6219 13
6220 3
6221 8
6222 6
6223 7
6224 5
6225 1
6226 15
6227 12
6228 4
6229 12
6230 11
6231 1
6232 15
6233 4
6234 9
6235 4
6236 12
6237 9
6238 14
6239 16
6240 2
6241 10
6242 5
6243 3
6244 10
6245 3
6246 7
6247 5
6248 3
6249 3
6250 3
6251 7
6252 15
6253 7
6254 13
6255 3
6256 3
6257 3
6258 6
6259 11
6260 4
6261 8
6262 2
6263 5
6264 13
6265 11
6266 10
6267 2
6268 5
6269 10
6270 5
6271 14
6272 8
6273 4
6274 9
6275 15
6276 7
6277 13
6278 1
6279 4
6280 8
6281 5
6282 11
6283 11
6284 1
6285 3
6286 10
6287 8
6288 2
6289 12
6290 4
6291 17
6292 5
6293 12
6294 10
6295 7
6296 4
6297 1
6298 6
6299 5
6300 8
6301 3
6302 7
6303 7
6304 5
6305 4
6306 5
6307 7
6308 1
6309 9
6310 9
6311 5
6312 9
6313 4
6314 2
6315 11
6316 15
6317 9
6318 12
6319 9
6320 9
6321 11
6322 9
6323 14
6324 12
6325 9
6326 2
6327 8
6328 14
6329 10
6330 5
6331 9
6332 14
6333 4
6334 5
6335 6
6336 5
6337 10
6338 9
6339 2
6340 3
6341 8
6342 8
6343 9
6344 2
6345 11
6346 8
6347 1
6348 11
6349 5
6350 3
6351 8
6352 5
6353 1
6354 11
6355 2
6356 1
6357 10
6358 6
6359 9
6360 10
6361 15
6362 1
6363 5
6364 7
6365 9
6366 10
6367 11
6368 9
6369 3
6370 11
6371 12
6372 9
6373 6
6374 13
6375 4
6376 14
6377 5
6378 4
6379 5
6380 6
6381 1
6382 2
6383 2
6384 7
6385 2
6386 6
6387 11
6388 9
6389 5
6390 10
6391 1
6392 6
6393 12
6394 14
6395 11
6396 9
6397 9
6398 8
6399 11
6400 8
6401 3
6402 3
6403 2
6404 12
6405 10
6406 6
6407 5
6408 14
6409 5
6410 3
6411 3
6412 10
6413 2
6414 12
6415 6
6416 1
6417 5
6418 2
6419 2
6420 5
6421 11
6422 3
6423 8
6424 8
6425 2
6426 11
6427 11
6428 1
6429 5
6430 6
6431 1
6432 2
6433 2
6434 11
6435 12
6436 3
6437 10
6438 12
6439 11
6440 4
6441 15
6442 9
6443 9
6444 12
6445 6
6446 3
6447 2
6448 6
6449 5
6450 14
6451 7
6452 8
6453 13
6454 13
6455 6
6456 10
6457 6
6458 4
6459 4
6460 9
6461 5
6462 2
6463 4
6464 10
6465 11
6466 19
6467 6
6468 10
6469 6
6470 3
6471 2
6472 3
6473 9
6474 3
6475 11
6476 10
6477 10
6478 7
6479 8
6480 4
6481 1
6482 6
6483 2
6484 7
6485 4
6486 5
6487 10
6488 6
6489 8
6490 4
6491 2
6492 4
6493 7
6494 11
6495 3
6496 6
6497 3
6498 10
6499 9
6500 3
6501 4
6502 1
6503 8
6504 5
6505 10
6506 3
6507 2
6508 4
6509 5
6510 2
6511 13
6512 3
6513 2
6514 11
6515 9
6516 2
6517 1
6518 14
6519 10
6520 12
6521 14
6522 4
6523 6
6524 5
6525 2
6526 4
6527 18
6528 9
6529 16
6530 2
6531 5
6532 11
6533 6
6534 10
6535 8
6536 1
6537 9
6538 12
6539 12
6540 7
6541 5
6542 1
6543 7
6544 9
6545 5
6546 1
6547 5
6548 8
6549 8
6550 2
6551 6
6552 8
6553 13
6554 13
6555 5
6556 11
6557 12
6558 16
6559 12
6560 10
6561 6
6562 6
6563 7
6564 12
6565 6
6566 1
6567 12
6568 10
6569 3
6570 9
6571 8
6572 11
6573 12
6574 5
6575 11
6576 2
6577 14
6578 3
6579 6
6580 7
6581 13
6582 5
6583 5
6584 3
6585 7
6586 11
6587 11
6588 4
6589 1
6590 2
6591 16
6592 3
6593 6
6594 7
6595 8
6596 4
6597 12
6598 5
6599 5
6600 5
6601 2
6602 11
6603 4
6604 11
6605 9
6606 13
6607 1
6608 3
6609 10
6610 3
6611 2
6612 8
6613 1
6614 5
6615 12
6616 16
6617 7
6618 11
6619 4
6620 1
6621 12
6622 6
6623 10
6624 13
6625 13
6626 10
6627 5
6628 10
6629 9
6630 11
6631 12
6632 6
6633 7
6634 11
6635 8
6636 2
6637 13
6638 1
6639 4
6640 4
6641 10
6642 4
6643 5
6644 1
6645 7
6646 11
6647 12
6648 2
6649 10
6650 14
6651 8
6652 14
6653 9
6654 9
6655 11
6656 7
6657 8
6658 12
6659 6
6660 2
6661 3
6662 7
6663 6
6664 6
6665 3
6666 9
6667 8
6668 1
6669 12
6670 9
6671 5
6672 10
6673 12
6674 1
6675 13
6676 5
6677 7
6678 7
6679 1
6680 3
6681 8
6682 6
6683 12
6684 1
6685 12
6686 5
6687 4
6688 8
6689 7
6690 5
6691 2
6692 4
6693 5
6694 12
6695 5
6696 14
6697 4
6698 13
6699 7
6700 6
6701 11
6702 7
6703 12
6704 11
6705 1
6706 2
6707 14
6708 12
6709 9
6710 5
6711 8
6712 6
6713 9
6714 2
6715 14
6716 11
6717 6
6718 3
6719 11
6720 12
6721 9
6722 8
6723 7
6724 3
6725 9
6726 7
6727 6
6728 6
6729 11
6730 11
6731 11
6732 12
6733 1
6734 6
6735 15
6736 1
6737 3
6738 6
6739 5
6740 4
6741 1
6742 12
6743 3
6744 3
6745 14
6746 10
6747 5
6748 14
6749 7
6750 3
6751 8
6752 1
6753 5
6754 2
6755 1
6756 7
6757 8
6758 3
6759 11
6760 1
6761 3
6762 12
6763 9
6764 15
6765 7
6766 6
6767 8
6768 8
6769 11
6770 3
6771 5
6772 11
6773 4
6774 13
6775 4
6776 10
6777 5
6778 6
6779 10
6780 12
6781 5
6782 8
6783 9
6784 7
6785 10
6786 2
6787 2
6788 5
6789 5
6790 4
6791 10
6792 2
6793 11
6794 12
6795 14
6796 9
6797 4
6798 4
6799 7
6800 1
6801 4
6802 4
6803 12
6804 9
6805 7
6806 11
6807 4
6808 13
6809 3
6810 10
6811 11
6812 9
6813 6
6814 13
6815 3
6816 2
6817 1
6818 9
6819 10
6820 6
6821 15
6822 8
6823 4
6824 10
6825 6
6826 8
6827 8
6828 8
6829 13
6830 11
6831 7
6832 4
6833 5
6834 1
6835 6
6836 3
6837 4
6838 12
6839 8
6840 9
6841 3
6842 10
6843 2
6844 10
6845 6
6846 4
6847 11
6848 6
6849 14
6850 5
6851 1
6852 12
6853 10
6854 4
6855 12
6856 14
6857 2
6858 1
6859 4
6860 5
6861 2
6862 1
6863 4
6864 3
6865 3
6866 9
6867 14
6868 4
6869 4
6870 8
6871 6
6872 9
6873 13
6874 9
6875 8
6876 7
6877 2
6878 5
6879 2
6880 6
6881 6
6882 9
6883 10
6884 7
6885 5
6886 7
6887 3
6888 5
6889 1
6890 14
6891 5
6892 5
6893 12
6894 15
6895 10
6896 3
6897 1
6898 8
6899 9
6900 8
6901 11
6902 1
6903 13
6904 1
6905 2
6906 2
6907 10
6908 2
6909 11
6910 4
6911 11
6912 11
6913 8
6914 9
6915 11
6916 11
6917 6
6918 3
6919 12
6920 10
6921 14
6922 10
6923 6
6924 3
6925 14
6926 2
6927 1
6928 3
6929 8
6930 14
6931 2
6932 4
6933 3
6934 11
6935 6
6936 10
6937 7
6938 10
6939 10
6940 8
6941 6
6942 9
6943 6
6944 1
6945 3
6946 1
6947 9
6948 4
6949 5
6950 2
6951 8
6952 6
6953 2
6954 10
6955 8
6956 4
6957 9
6958 11
6959 11
6960 5
6961 4
6962 5
6963 13
6964 9
6965 9
6966 3
6967 4
6968 9
6969 5
6970 5
6971 1
6972 7
6973 9
6974 6
6975 9
6976 5
6977 9
6978 2
6979 4
6980 6
6981 9
6982 11
6983 11
6984 12
6985 13
6986 7
6987 12
6988 4
6989 12
6990 10
6991 5
6992 1
6993 8
6994 7
6995 8
6996 4
6997 9
6998 7
6999 13
7000 4
7001 12
7002 4
7003 1
7004 5
7005 1
7006 8
7007 1
7008 3
7009 9
7010 7
7011 2
7012 11
7013 3
7014 6
7015 6
7016 8
7017 11
7018 2
7019 7
7020 5
7021 11
7022 3
7023 5
7024 9
7025 10
7026 8
7027 2
7028 9
7029 3
7030 7
7031 4
7032 13
7033 4
7034 6
7035 5
7036 7
7037 6
7038 8
7039 5
7040 2
7041 6
7042 8
7043 3
7044 2
7045 9
7046 5
7047 3
7048 1
7049 3
7050 10
7051 11
7052 5
7053 7
7054 3
7055 10
7056 1
7057 13
7058 9
7059 9
7060 3
7061 10
7062 8
7063 14
7064 4
7065 13
7066 9
7067 1
7068 9
7069 5
7070 3
7071 11
7072 6
7073 11
7074 7
7075 10
7076 11
7077 12
7078 6
7079 14
7080 4
7081 6
7082 7
7083 6
7084 11
7085 10
7086 7
7087 1
7088 13
7089 9
7090 13
7091 5
7092 6
7093 11
7094 3
7095 10
7096 11
7097 10
7098 5
7099 5
7100 5
7101 13
7102 8
7103 1
7104 9
7105 10
7106 6
7107 1
7108 9
7109 9
7110 3
7111 7
7112 1
7113 8
7114 5
7115 10
7116 10
7117 5
7118 11
7119 8
7120 10
7121 9
7122 11
7123 4
7124 7
7125 9
7126 8
7127 15
7128 8
7129 2
7130 1
7131 11
7132 2
7133 4
7134 6
7135 3
7136 1
7137 1
7138 1
7139 9
7140 6
7141 13
7142 3
7143 7
7144 10
7145 5
7146 7
7147 9
7148 10
7149 3
7150 7
7151 8
7152 11
7153 10
7154 10
7155 3
7156 1
7157 9
7158 9
7159 8
7160 8
7161 12
7162 2
7163 12
7164 3
7165 1
7166 3
7167 1
7168 1
7169 11
7170 2
7171 5
7172 2
7173 4
7174 11
7175 12
7176 1
7177 12
7178 6
7179 6
7180 4
7181 6
7182 3
7183 5
7184 10
7185 2
7186 7
7187 6
7188 6
7189 8
7190 6
7191 12
7192 11
7193 5
7194 4
7195 12
7196 1
7197 5
7198 11
7199 6
7200 12
7201 4
7202 10
7203 6
7204 5
7205 5
7206 2
7207 7
7208 12
7209 10
7210 11
7211 11
7212 4
7213 13
7214 12
7215 3
7216 7
7217 4
7218 7
7219 8
7220 10
7221 4
7222 10
7223 10
7224 8
7225 7
7226 8
7227 5
7228 11
7229 9
7230 12
7231 8
7232 6
7233 9
7234 7
7235 9
7236 1
7237 14
7238 5
7239 3
7240 4
7241 1
7242 9
7243 6
7244 1
7245 3
7246 4
7247 12
7248 4
7249 2
7250 9
7251 6
7252 7
7253 4
7254 7
7255 2
7256 1
7257 13
7258 7
7259 9
7260 13
7261 7
7262 14
7263 4
7264 3
7265 8
7266 8
7267 12
7268 1
7269 8
7270 6
7271 4
7272 5
7273 5
7274 2
7275 5
7276 5
7277 13
7278 1
7279 4
7280 8
7281 5
7282 6
7283 10
7284 3
7285 11
7286 10
7287 7
7288 7
7289 3
7290 13
7291 10
7292 8
7293 9
7294 10
7295 2
7296 7
7297 7
7298 6
7299 12
7300 12
7301 7
7302 7
7303 11
7304 2
7305 3
7306 13
7307 9
7308 8
7309 11
7310 11
7311 7
7312 1
7313 10
7314 1
7315 10
7316 1
7317 3
7318 3
7319 3
7320 7
7321 10
7322 2
7323 2
7324 14
7325 6
7326 10
7327 3
7328 1
7329 2
7330 13
7331 12
7332 1
7333 11
7334 6
7335 10
7336 8
7337 7
7338 10
7339 9
7340 3
7341 2
7342 8
7343 10
7344 12
7345 8
7346 10
7347 2
7348 8
7349 5
7350 1
7351 4
7352 3
7353 6
7354 6
7355 3
7356 4
7357 10
7358 7
7359 8
7360 7
7361 9
7362 3
7363 12
7364 9
7365 1
7366 6
7367 10
7368 10
7369 3
7370 9
7371 7
7372 10
7373 7
7374 7
7375 9
7376 4
7377 10
7378 5
7379 7
7380 12
7381 15
7382 7
7383 9
7384 10
7385 7
7386 6
7387 9
7388 7
7389 12
7390 6
7391 7
7392 6
7393 12
7394 7
7395 6
7396 13
7397 4
7398 3
7399 13
7400 6
7401 6
7402 10
7403 7
7404 4
7405 12
7406 5
7407 2
7408 4
7409 7
7410 13
7411 8
7412 4
7413 13
7414 13
7415 1
7416 13
7417 13
7418 12
7419 8
7420 10
7421 12
7422 7
7423 7
7424 12
7425 1
7426 7
7427 4
7428 7
7429 14
7430 5
7431 6
7432 1
7433 5
7434 12
7435 3
7436 5
7437 5
7438 10
7439 5
7440 8
7441 7
7442 3
7443 2
7444 3
7445 11
7446 8
7447 10
7448 12
7449 2
7450 7
7451 7
7452 11
7453 9
7454 5
7455 8
7456 3
7457 1
7458 3
7459 12
7460 5
7461 7
7462 9
7463 11
7464 13
7465 6
7466 6
7467 8
7468 4
7469 1
7470 6
7471 8
7472 2
7473 8
7474 5
7475 5
7476 3
7477 10
7478 2
7479 5
7480 8
7481 5
7482 1
7483 2
7484 13
7485 11
7486 10
7487 8
7488 3
7489 7
7490 3
7491 5
7492 3
7493 4
7494 9
7495 10
7496 7
7497 1
7498 11
7499 12
7500 8
7501 8
7502 2
7503 12
7504 9
7505 15
7506 5
7507 6
7508 12
7509 14
7510 5
7511 10
7512 3
7513 4
7514 12
7515 2
7516 7
7517 5
7518 3
7519 4
7520 1
7521 3
7522 12
7523 1
7524 6
7525 7
7526 10
7527 1
7528 5
7529 3
7530 5
7531 3
7532 2
7533 4
7534 10
7535 1
7536 2
7537 2
7538 3
7539 10
7540 6
7541 13
7542 4
7543 9
7544 13
7545 10
7546 1
7547 3
7548 2
7549 7
7550 2
7551 3
7552 6
7553 10
7554 6
7555 6
7556 9
7557 2
7558 8
7559 8
7560 4
7561 4
7562 7
7563 7
7564 3
7565 8
7566 5
7567 6
7568 12
7569 9
7570 5
7571 9
7572 10
7573 7
7574 4
7575 8
7576 9
7577 3
7578 9
7579 6
7580 11
7581 11
7582 8
7583 7
7584 2
7585 7
7586 7
7587 10
7588 5
7589 9
7590 3
7591 5
7592 7
7593 10
7594 6
7595 2
7596 8
7597 2
7598 11
7599 7
7600 10
7601 4
7602 9
7603 3
7604 3
7605 4
7606 7
7607 14
7608 2
7609 8
7610 2
7611 7
7612 2
7613 3
7614 5
7615 4
7616 9
7617 5
7618 11
7619 10
7620 10
7621 2
7622 2
7623 9
7624 1
7625 9
7626 2
7627 10
7628 1
7629 12
7630 1
7631 6
7632 7
7633 11
7634 12
7635 7
7636 9
7637 10
7638 6
7639 4
7640 12
7641 7
7642 6
7643 12
7644 2
7645 5
7646 5
7647 6
7648 15
7649 6
7650 1
7651 8
7652 6
7653 6
7654 6
7655 3
7656 6
7657 1
7658 7
7659 7
7660 7
7661 5
7662 11
7663 7
7664 4
7665 3
7666 12
7667 11
7668 1
7669 10
7670 7
7671 4
7672 7
7673 1
7674 10
7675 10
7676 7
7677 11
7678 11
7679 4
7680 10
7681 13
7682 3
7683 9
7684 5
7685 10
7686 4
7687 5
7688 7
7689 3
7690 4
7691 11
7692 11
7693 8
7694 1
7695 7
7696 7
7697 7
7698 11
7699 2
7700 5
7701 11
7702 2
7703 11
7704 12
7705 4
7706 4
7707 10
7708 4
7709 9
7710 5
7711 6
7712 7
7713 4
7714 4
7715 6
7716 4
7717 12
7718 3
7719 9
7720 5
7721 12
7722 2
7723 11
7724 10
7725 8
7726 15
7727 3
7728 6
7729 6
7730 5
7731 1
7732 10
7733 12
7734 3
7735 4
7736 12
7737 7
7738 3
7739 3
7740 2
7741 8
7742 2
7743 9
7744 9
7745 1
7746 10
7747 7
7748 5
7749 13
7750 10
7751 2
7752 13
7753 8
7754 5
7755 11
7756 7
7757 4
7758 2
7759 12
7760 5
7761 5
7762 9
7763 10
7764 5
7765 7
7766 5
7767 6
7768 1
7769 9
7770 4
7771 2
7772 8
7773 4
7774 13
7775 1
7776 11
7777 7
7778 4
7779 9
7780 12
7781 1
7782 5
7783 4
7784 11
7785 8
7786 13
7787 11
7788 3
7789 1
7790 7
7791 12
7792 7
7793 10
7794 14
7795 12
7796 12
7797 10
7798 5
7799 1
7800 11
7801 1
7802 12
7803 7
7804 10
7805 7
7806 11
7807 5
7808 9
7809 6
7810 2
7811 7
7812 12
7813 7
7814 3
7815 4
7816 11
7817 1
7818 3
7819 6
7820 4
7821 11
7822 2
7823 9
7824 4
7825 4
7826 9
7827 4
7828 2
7829 7
7830 13
7831 11
7832 3
7833 6
7834 5
7835 10
7836 4
7837 7
7838 1
7839 11
7840 8
7841 4
7842 10
7843 8
7844 5
7845 4
7846 9
7847 3
7848 9
7849 3
7850 5
7851 8
7852 7
7853 5
7854 1
7855 11
7856 10
7857 2
7858 11
7859 2
7860 3
7861 8
7862 7
7863 12
7864 9
7865 3
7866 3
7867 1
7868 11
7869 8
7870 12
7871 11
7872 10
7873 6
7874 5
7875 5
7876 12
7877 2
7878 3
7879 5
7880 11
7881 5
7882 2
7883 3
7884 5
7885 11
7886 11
7887 5
7888 7
7889 6
7890 9
7891 9
7892 6
7893 5
7894 8
7895 5
7896 10
7897 3
7898 8
7899 11
7900 5
7901 5
7902 2
7903 4
7904 2
7905 5
7906 4
7907 1
7908 10
7909 10
7910 7
7911 12
7912 3
7913 2
7914 3
7915 6
7916 3
7917 12
7918 2
7919 6
7920 1
7921 11
7922 6
7923 11
7924 5
7925 1
7926 10
7927 1
7928 10
7929 3
7930 1
7931 3
7932 4
7933 9
7934 4
7935 10
7936 6
7937 2
7938 3
7939 1
7940 8
7941 8
7942 2
7943 4
7944 5
7945 4
7946 13
7947 11
7948 11
7949 1
7950 5
7951 4
7952 8
7953 3
7954 12
7955 7
7956 4
7957 3
7958 14
7959 6
7960 2
7961 3
7962 6
7963 1
7964 9
7965 11
7966 5
7967 8
7968 5
7969 2
7970 10
7971 2
7972 2
7973 1
7974 9
7975 3
7976 5
7977 5
7978 9
7979 12
7980 3
7981 4
7982 5
7983 5
7984 2
7985 15
7986 2
7987 10
7988 7
7989 1
7990 4
7991 3
7992 6
7993 5
7994 10
7995 1
7996 4
7997 12
7998 8
7999 9
8000 1
8001 8
8002 2
8003 6
8004 1
8005 5
8006 2
8007 6
8008 7
8009 9
8010 5
8011 13
8012 5
8013 6
8014 6
8015 13
8016 4
8017 5
8018 2
8019 6
8020 2
8021 7
8022 6
8023 6
8024 7
8025 12
8026 11
8027 4
8028 5
8029 12
8030 5
8031 3
8032 12
8033 12
8034 3
8035 4
8036 1
8037 9
8038 4
8039 2
8040 2
8041 5
8042 6
8043 8
8044 2
8045 4
8046 1
8047 6
8048 6
8049 7
8050 7
8051 6
8052 4
8053 8
8054 11
8055 3
8056 16
8057 3
8058 4
8059 8
8060 5
8061 11
8062 5
8063 6
8064 10
8065 11
8066 6
8067 11
8068 5
8069 1
8070 11
8071 4
8072 13
8073 1
8074 8
8075 3
8076 8
8077 13
8078 7
8079 8
8080 6
8081 5
8082 7
8083 12
8084 1
8085 8
8086 9
8087 10
8088 5
8089 9
8090 1
8091 11
8092 6
8093 3
8094 3
8095 3
8096 10
8097 1
8098 7
8099 5
8100 3
8101 8
8102 8
8103 11
8104 7
8105 3
8106 2
8107 13
8108 12
8109 9
8110 9
8111 13
8112 13
8113 6
8114 2
8115 9
8116 12
8117 11
8118 5
8119 10
8120 6
8121 6
8122 9
8123 11
8124 11
8125 5
8126 9
8127 11
8128 11
8129 4
8130 8
8131 6
8132 11
8133 11
8134 5
8135 13
8136 7
8137 12
8138 8
8139 10
8140 5
8141 4
8142 4
8143 14
8144 2
8145 6
8146 6
8147 5
8148 1
8149 11
8150 12
8151 1
8152 9
8153 4
8154 3
8155 12
8156 3
8157 1
8158 5
8159 4
8160 9
8161 9
8162 1
8163 5
8164 4
8165 3
8166 2
8167 9
8168 5
8169 4
8170 1
8171 9
8172 12
8173 10
8174 2
8175 3
8176 12
8177 8
8178 2
8179 11
8180 14
8181 1
8182 1
8183 10
8184 10
8185 10
8186 6
8187 3
8188 3
8189 4
8190 3
8191 14
8192 10
8193 5
8194 3
8195 1
8196 6
8197 11
8198 13
8199 4
8200 10
8201 13
8202 7
8203 3
8204 5
8205 11
8206 11
8207 6
8208 1
8209 10
8210 5
8211 10
8212 2
8213 3
8214 8
8215 6
8216 11
8217 4
8218 7
8219 8
8220 7
8221 12
8222 5
8223 12
8224 9
8225 3
8226 10
8227 14
8228 5
8229 9
8230 2
8231 4
8232 10
8233 9
8234 7
8235 5
8236 3
8237 9
8238 9
8239 12
8240 10
8241 6
8242 8
8243 4
8244 12
8245 12
8246 2
8247 5
8248 3
8249 3
8250 10
8251 1
8252 10
8253 11
8254 1
8255 1
8256 1
8257 3
8258 2
8259 1
8260 3
8261 10
8262 1
8263 3
8264 7
8265 11
8266 2
8267 2
8268 8
8269 2
8270 6
8271 4
8272 2
8273 9
8274 5
8275 3
8276 11
8277 9
8278 5
8279 10
8280 12
8281 12
8282 5
8283 3
8284 9
8285 13
8286 11
8287 4
8288 7
8289 4
8290 5
8291 6
8292 8
8293 3
8294 12
8295 8
8296 1
8297 2
8298 8
8299 8
8300 1
8301 6
8302 3
8303 6
8304 6
8305 11
8306 10
8307 12
8308 1
8309 7
8310 7
8311 14
8312 4
8313 11
8314 5
8315 9
8316 9
8317 3
8318 2
8319 4
8320 10
8321 5
8322 4
8323 2
8324 11
8325 12
8326 11
8327 7
8328 13
8329 8
8330 1
8331 6
8332 8
8333 7
8334 1
8335 1
8336 4
8337 2
8338 4
8339 10
8340 8
8341 5
8342 7
8343 7
8344 6
8345 2
8346 4
8347 13
8348 2
8349 2
8350 9
8351 10
8352 2
8353 1
8354 10
8355 9
8356 5
8357 13
8358 13
8359 8
8360 7
8361 11
8362 11
8363 2
8364 10
8365 6
8366 7
8367 7
8368 4
8369 6
8370 6
8371 13
8372 13
8373 5
8374 1
8375 3
8376 4
8377 5
8378 8
8379 5
8380 1
8381 7
8382 7
8383 5
8384 12
8385 11
8386 4
8387 8
8388 2
8389 1
8390 1
8391 5
8392 2
8393 2
8394 1
8395 9
8396 10
8397 5
8398 8
8399 4
8400 5
8401 2
8402 9
8403 5
8404 10
8405 4
8406 8
8407 7
8408 8
8409 8
8410 1
8411 3
8412 3
8413 3
8414 10
8415 12
8416 3
8417 9
8418 10
8419 10
8420 9
8421 7
8422 11
8423 11
8424 11
8425 12
8426 5
8427 3
8428 10
8429 10
8430 12
8431 11
8432 7
8433 5
8434 3
8435 12
8436 12
8437 3
8438 11
8439 2
8440 7
8441 11
8442 5
8443 1
8444 5
8445 4
8446 3
8447 1
8448 4
8449 7
8450 10
8451 9
8452 12
8453 2
8454 1
8455 3
8456 5
8457 5
8458 8
8459 4
8460 10
8461 7
8462 13
8463 5
8464 10
8465 3
8466 6
8467 7
8468 10
8469 3
8470 1
8471 10
8472 2
8473 5
8474 7
8475 7
8476 10
8477 4
8478 6
8479 1
8480 8
8481 9
8482 6
8483 8
8484 3
8485 9
8486 6
8487 1
8488 13
8489 1
8490 9
8491 10
8492 4
8493 11
8494 1
8495 1
8496 13
8497 10
8498 1
8499 11
8500 9
8501 9
8502 1
8503 2
8504 3
8505 11
8506 8
8507 6
8508 7
8509 6
8510 12
8511 5
8512 10
8513 9
8514 3
8515 2
8516 6
8517 2
8518 12
8519 2
8520 5
8521 2
8522 2
8523 8
8524 4
8525 6
8526 9
8527 4
8528 11
8529 3
8530 8
8531 2
8532 2
8533 11
8534 8
8535 5
8536 4
8537 7
8538 8
8539 12
8540 1
8541 7
8542 10
8543 6
8544 3
8545 5
8546 4
8547 7
8548 11
8549 8
8550 11
8551 8
8552 3
8553 4
8554 8
8555 6
8556 10
8557 10
8558 4
8559 7
8560 6
8561 5
8562 9
8563 1
8564 11
8565 3
8566 12
8567 3
8568 5
8569 11
8570 2
8571 2
8572 6
8573 7
8574 1
8575 9
8576 1
8577 12
8578 8
8579 2
8580 10
8581 9
8582 8
8583 1
8584 1
8585 2
8586 6
8587 1
8588 7
8589 12
8590 1
8591 10
8592 7
8593 3
8594 1
8595 1
8596 10
8597 1
8598 1
8599 6
8600 3
8601 2
8602 3
8603 8
8604 9
8605 3
8606 1
8607 11
8608 12
8609 8
8610 8
8611 10
8612 8
8613 4
8614 7
8615 2
8616 4
8617 3
8618 10
8619 1
8620 10
8621 1
8622 3
8623 7
8624 3
8625 3
8626 7
8627 8
8628 9
8629 5
8630 8
8631 5
8632 5
8633 7
8634 4
8635 5
8636 8
8637 11
8638 11
8639 13
8640 2
8641 9
8642 2
8643 3
8644 8
8645 2
8646 2
8647 3
8648 4
8649 10
8650 4
8651 3
8652 8
8653 11
8654 2
8655 5
8656 3
8657 8
8658 7
8659 6
8660 7
8661 9
8662 8
8663 8
8664 5
8665 7
8666 1
8667 2
8668 4
8669 3
8670 10
8671 10
8672 3
8673 6
8674 3
8675 5
8676 5
8677 2
8678 5
8679 2
8680 13
8681 4
8682 8
8683 5
8684 4
8685 3
8686 8
8687 2
8688 1
8689 1
8690 9
8691 6
8692 4
8693 11
8694 10
8695 7
8696 4
8697 11
8698 7
8699 6
8700 10
8701 11
8702 7
8703 6
8704 1
8705 3
8706 4
8707 10
8708 8
8709 6
8710 2
8711 3
8712 6
8713 5
8714 4
8715 2
8716 10
8717 1
8718 10
8719 1
8720 8
8721 8
8722 11
8723 6
8724 4
8725 1
8726 8
8727 8
8728 11
8729 3
8730 2
8731 7
8732 3
8733 8
8734 9
8735 6
8736 3
8737 13
8738 13
8739 1
8740 3
8741 10
8742 5
8743 9
8744 10
8745 3
8746 11
8747 10
8748 3
8749 12
8750 8
8751 6
8752 10
8753 7
8754 4
8755 10
8756 3
8757 2
8758 7
8759 2
8760 2
8761 5
8762 6
8763 2
8764 11
8765 7
8766 11
8767 10
8768 13
8769 9
8770 7
8771 2
8772 11
8773 7
8774 1
8775 6
8776 6
8777 3
8778 10
8779 1
8780 10
8781 9
8782 6
8783 12
8784 2
8785 6
8786 8
8787 11
8788 2
8789 9
8790 10
8791 7
8792 8
8793 6
8794 7
8795 12
8796 3
8797 3
8798 8
8799 13
8800 9
8801 8
8802 6
8803 4
8804 2
8805 1
8806 8
8807 8
8808 7
8809 10
8810 13
8811 10
8812 11
8813 10
8814 7
8815 1
8816 5
8817 4
8818 10
8819 2
8820 4
8821 2
8822 1
8823 7
8824 1
8825 10
8826 1
8827 10
8828 10
8829 2
8830 9
8831 8
8832 9
8833 5
8834 6
8835 5
8836 11
8837 9
8838 5
8839 4
8840 3
8841 9
8842 4
8843 10
8844 10
8845 1
8846 7
8847 2
8848 7
8849 10
8850 3
8851 6
8852 6
8853 8
8854 7
8855 1
8856 3
8857 1
8858 10
8859 9
8860 6
8861 5
8862 9
8863 11
8864 7
8865 7
8866 6
8867 3
8868 1
8869 4
8870 11
8871 5
8872 6
8873 2
8874 7
8875 6
8876 4
8877 4
8878 3
8879 10
8880 2
8881 9
8882 3
8883 5
8884 4
8885 8
8886 5
8887 1
8888 1
8889 3
8890 4
8891 8
8892 11
8893 4
8894 7
8895 7
8896 1
8897 5
8898 9
8899 9
8900 2
8901 10
8902 8
8903 2
8904 4
8905 13
8906 6
8907 5
8908 11
8909 10
8910 7
8911 10
8912 2
8913 9
8914 8
8915 1
8916 1
8917 14
8918 3
8919 9
8920 1
8921 2
8922 9
8923 4
8924 10
8925 5
8926 4
8927 5
8928 8
8929 5
8930 2
8931 8
8932 11
8933 4
8934 4
8935 2
8936 11
8937 1
8938 2
8939 10
8940 5
8941 11
8942 12
8943 11
8944 8
8945 5
8946 2
8947 2
8948 4
8949 12
8950 11
8951 7
8952 12
8953 10
8954 4
8955 4
8956 9
8957 2
8958 6
8959 6
8960 7
8961 3
8962 3
8963 8
8964 9
8965 1
8966 8
8967 6
8968 7
8969 1
8970 4
8971 5
8972 10
8973 9
8974 8
8975 1
8976 1
8977 2
8978 4
8979 12
8980 4
8981 9
8982 11
8983 5
8984 2
8985 1
8986 6
8987 10
8988 10
8989 7
8990 8
8991 2
8992 2
8993 3
8994 11
8995 12
8996 1
8997 2
8998 6
8999 4
9000 5
9001 2
9002 9
9003 2
9004 3
9005 5
9006 7
9007 3
9008 12
9009 11
9010 2
9011 8
9012 9
9013 9
9014 7
9015 6
9016 6
9017 3
9018 11
9019 5
9020 12
9021 3
9022 4
9023 10
9024 7
9025 10
9026 10
9027 10
9028 1
9029 7
9030 7
9031 8
9032 7
9033 1
9034 5
9035 3
9036 11
9037 6
9038 2
9039 13
9040 1
9041 10
9042 6
9043 8
9044 11
9045 11
9046 2
9047 7
9048 10
9049 13
9050 10
9051 3
9052 7
9053 7
9054 8
9055 9
9056 3
9057 6
9058 10
9059 3
9060 13
9061 11
9062 4
9063 3
9064 2
9065 2
9066 2
9067 1
9068 2
9069 3
9070 6
9071 4
9072 8
9073 2
9074 8
9075 5
9076 3
9077 12
9078 4
9079 6
9080 5
9081 7
9082 8
9083 8
9084 8
9085 10
9086 4
9087 12
9088 1
9089 3
9090 4
9091 9
9092 7
9093 1
9094 2
9095 3
9096 3
9097 9
9098 10
9099 8
9100 5
9101 8
9102 1
9103 8
9104 9
9105 4
9106 12
9107 9
9108 5
9109 7
9110 8
9111 8
9112 2
9113 9
9114 2
9115 8
9116 3
9117 11
9118 9
9119 3
9120 11
9121 10
9122 3
9123 8
9124 5
9125 4
9126 6
9127 10
9128 10
9129 8
9130 9
9131 8
9132 3
9133 11
9134 11
9135 10
9136 5
9137 2
9138 3
9139 9
9140 3
9141 2
9142 9
9143 7
9144 5
9145 12
9146 8
9147 12
9148 7
9149 8
9150 9
9151 2
9152 3
9153 3
9154 4
9155 10
9156 9
9157 9
9158 5
9159 12
9160 8
9161 9
9162 8
9163 5
9164 5
9165 4
9166 10
9167 10
9168 7
9169 6
9170 3
9171 8
9172 11
9173 6
9174 1
9175 5
9176 2
9177 7
9178 8
9179 5
9180 1
9181 11
9182 9
9183 6
9184 11
9185 7
9186 10
9187 3
9188 3
9189 1
9190 11
9191 8
9192 11
9193 5
9194 5
9195 1
9196 2
9197 5
9198 1
9199 8
9200 3
9201 6
9202 1
9203 8
9204 7
9205 8
9206 2
9207 2
9208 2
9209 7
9210 10
9211 11
9212 6
9213 7
9214 5
9215 1
9216 6
9217 9
9218 3
9219 6
9220 11
9221 9
9222 7
9223 4
9224 2
9225 5
9226 8
9227 5
9228 12
9229 7
9230 8
9231 8
9232 2
9233 5
9234 2
9235 8
9236 5
9237 5
9238 6
9239 4
9240 1
9241 3
9242 9
9243 7
9244 6
9245 7
9246 9
9247 2
9248 2
9249 10
9250 5
9251 2
9252 13
9253 10
9254 6
9255 7
9256 4
9257 5
9258 7
9259 6
9260 1
9261 2
9262 2
9263 11
9264 1
9265 4
9266 8
9267 4
9268 5
9269 8
9270 2
9271 8
9272 6
9273 4
9274 2
9275 11
9276 10
9277 10
9278 6
9279 11
9280 11
9281 6
9282 1
9283 6
9284 10
9285 11
9286 12
9287 7
9288 2
9289 1
9290 1
9291 11
9292 7
9293 6
9294 5
9295 2
9296 6
9297 11
9298 6
9299 2
9300 6
9301 3
9302 8
9303 5
9304 9
9305 3
9306 12
9307 7
9308 6
9309 3
9310 4
9311 13
9312 6
9313 11
9314 3
9315 9
9316 8
9317 6
9318 9
9319 10
9320 6
9321 2
9322 10
9323 1
9324 3
9325 1
9326 2
9327 8
9328 8
9329 3
9330 1
9331 10
9332 7
9333 5
9334 3
9335 12
9336 4
9337 9
9338 8
9339 10
9340 7
9341 10
9342 8
9343 9
9344 1
9345 5
9346 11
9347 7
9348 9
9349 8
9350 3
9351 5
9352 4
9353 5
9354 8
9355 10
9356 5
9357 9
9358 2
9359 2
9360 7
9361 8
9362 3
9363 9
9364 7
9365 2
9366 3
9367 11
9368 8
9369 4
9370 6
9371 6
9372 9
9373 3
9374 11
9375 5
9376 3
9377 6
9378 2
9379 5
9380 9
9381 2
9382 1
9383 2
9384 11
9385 4
9386 6
9387 9
9388 8
9389 4
9390 8
9391 4
9392 8
9393 5
9394 10
9395 9
9396 4
9397 3
9398 9
9399 1
9400 7
9401 10
9402 7
9403 3
9404 4
9405 4
9406 1
9407 4
9408 6
9409 8
9410 4
9411 4
9412 2
9413 8
9414 6
9415 8
9416 1
9417 5
9418 2
9419 10
9420 8
9421 6
9422 1
9423 10
9424 9
9425 5
9426 3
9427 9
9428 1
9429 4
9430 5
9431 8
9432 6
9433 4
9434 8
9435 1
9436 8
9437 8
9438 8
9439 8
9440 3
9441 3
9442 4
9443 6
9444 6
9445 10
9446 6
9447 9
9448 10
9449 5
9450 1
9451 9
9452 2
9453 1
9454 9
9455 10
9456 3
9457 11
9458 1
9459 10
9460 2
9461 8
9462 2
9463 9
9464 7
9465 7
9466 6
9467 12
9468 10
9469 9
9470 5
9471 10
9472 11
9473 9
9474 10
9475 7
9476 11
9477 5
9478 8
9479 6
9480 7
9481 2
9482 6
9483 7
9484 9
9485 11
9486 10
9487 8
9488 2
9489 6
9490 2
9491 4
9492 3
9493 10
9494 10
9495 4
9496 3
9497 1
9498 1
9499 6
9500 5
9501 1
9502 3
9503 5
9504 4
9505 2
9506 9
9507 11
9508 10
9509 6
9510 2
9511 3
9512 8
9513 4
9514 6
9515 5
9516 7
9517 7
9518 11
9519 2
9520 10
9521 8
9522 3
9523 7
9524 11
9525 9
9526 2
9527 4
9528 9
9529 1
9530 2
9531 12
9532 3
9533 6
9534 4
9535 3
9536 10
9537 2
9538 4
9539 7
9540 7
9541 4
9542 3
9543 10
9544 11
9545 5
9546 9
9547 8
9548 8
9549 10
9550 11
9551 11
9552 11
9553 2
9554 8
9555 2
9556 7
9557 9
9558 6
9559 5
9560 3
9561 4
9562 2
9563 2
9564 11
9565 7
9566 4
9567 2
9568 4
9569 6
9570 9
9571 8
9572 5
9573 4
9574 2
9575 2
9576 4
9577 9
9578 4
9579 4
9580 8
9581 4
9582 9
9583 8
9584 7
9585 6
9586 6
9587 1
9588 8
9589 9
9590 11
9591 2
9592 5
9593 8
9594 4
9595 9
9596 1
9597 6
9598 2
9599 3
9600 6
9601 3
9602 11
9603 7
9604 3
9605 9
9606 11
9607 3
9608 9
9609 10
9610 5
9611 7
9612 6
9613 5
9614 1
9615 2
9616 11
9617 6
9618 5
9619 2
9620 10
9621 6
9622 2
9623 2
9624 1
9625 6
9626 11
9627 10
9628 8
9629 10
9630 8
9631 11
9632 6
9633 10
9634 10
9635 6
9636 10
9637 6
9638 9
9639 11
9640 8
9641 5
9642 8
9643 4
9644 12
9645 6
9646 8
9647 10
9648 11
9649 3
9650 7
9651 6
9652 2
9653 10
9654 1
9655 11
9656 1
9657 4
9658 10
9659 10
9660 1
9661 1
9662 5
9663 4
9664 8
9665 4
9666 7
9667 9
9668 10
9669 8
9670 2
9671 9
9672 7
9673 3
9674 4
9675 11
9676 5
9677 9
9678 4
9679 6
9680 3
9681 5
9682 3
9683 4
9684 3
9685 3
9686 10
9687 1
9688 1
9689 10
9690 8
9691 7
9692 7
9693 10
9694 3
9695 8
9696 8
9697 3
9698 12
9699 6
9700 9
9701 11
9702 3
9703 5
9704 11
9705 10
9706 10
9707 8
9708 4
9709 2
9710 5
9711 5
9712 10
9713 1
9714 11
9715 8
9716 11
9717 1
9718 6
9719 5
9720 2
9721 9
9722 2
9723 8
9724 7
9725 2
9726 10
9727 7
9728 1
9729 10
9730 10
9731 6
9732 1
9733 6
9734 4
9735 1
9736 4
9737 4
9738 7
9739 7
9740 11
9741 3
9742 7
9743 9
9744 4
9745 8
9746 6
9747 11
9748 7
9749 4
9750 6
9751 11
9752 2
9753 9
9754 9
9755 7
9756 8
9757 10
9758 3
9759 10
9760 7
9761 2
9762 3
9763 5
9764 1
9765 6
9766 6
9767 7
9768 1
9769 10
9770 8
9771 5
9772 6
9773 6
9774 6
9775 2
9776 4
9777 8
9778 2
9779 9
9780 2
9781 9
9782 6
9783 5
9784 3
9785 1
9786 7
9787 10
9788 2
9789 10
9790 10
9791 1
9792 3
9793 5
9794 5
9795 4
9796 1
9797 2
9798 10
9799 10
9800 11
9801 10
9802 5
9803 6
9804 3
9805 5
9806 6
9807 10
9808 9
9809 9
9810 3
9811 7
9812 1
9813 8
9814 9
9815 2
9816 11
9817 8
9818 3
9819 6
9820 10
9821 2
9822 2
9823 9
9824 6
9825 12
9826 10
9827 5
9828 5
9829 8
9830 2
9831 10
9832 5
9833 11
9834 9
9835 10
9836 6
9837 9
9838 6
9839 7
9840 6
9841 5
9842 1
9843 6
9844 11
9845 5
9846 7
9847 3
9848 6
9849 11
9850 2
9851 8
9852 7
9853 3
9854 12
9855 8
9856 6
9857 9
9858 5
9859 2
9860 3
9861 7
9862 6
9863 4
9864 1
9865 4
9866 4
9867 9
9868 3
9869 1
9870 11
9871 12
9872 2
9873 8
9874 4
9875 9
9876 4
9877 6
9878 7
9879 5
9880 7
9881 2
9882 3
9883 2
9884 7
9885 5
9886 3
9887 4
9888 5
9889 5
9890 11
9891 11
9892 1
9893 8
9894 7
9895 6
9896 5
9897 5
9898 5
9899 3
9900 11
9901 3
9902 9
9903 2
9904 4
9905 5
9906 10
9907 8
9908 5
9909 8
9910 8
9911 9
9912 3
9913 3
9914 7
9915 10
9916 10
9917 8
9918 10
9919 2
9920 9
9921 6
9922 3
9923 11
9924 7
9925 7
9926 6
9927 10
9928 2
9929 11
9930 11
9931 2
9932 9
9933 9
9934 9
9935 5
9936 5
9937 4
9938 10
9939 5
9940 1
9941 2
9942 3
9943 1
9944 8
9945 8
9946 6
9947 9
9948 9
9949 1
9950 3
9951 11
9952 10
9953 7
9954 7
9955 7
9956 11
9957 8
9958 9
9959 3
9960 6
9961 4
9962 2
9963 2
9964 1
9965 3
9966 6
9967 7
9968 7
9969 7
9970 2
9971 10
9972 9
9973 8
9974 2
9975 2
9976 6
9977 5
9978 2
9979 5
9980 7
9981 2
9982 1
9983 5
9984 7
9985 2
9986 8
9987 10
9988 3
9989 9
9990 10
9991 11
9992 5
9993 9
9994 9
9995 7
9996 4
9997 11
9998 1
9999 10
